# X(m) Y(m) Z(m)
0.122 0.162 0.117
0.122 0.162 0.117
0.122 0.162 0.117
0.122 0.162 0.117
0.122 0.162 0.117
0.122 0.162 0.117
0.122 0.161 0.117
0.122 0.161 0.117
0.122 0.161 0.117
0.122 0.161 0.117
0.122 0.161 0.117
0.122 0.161 0.117
0.122 0.161 0.117
0.122 0.161 0.117
0.122 0.161 0.117
0.122 0.161 0.117
0.122 0.161 0.117
0.122 0.161 0.117
0.122 0.161 0.117
0.122 0.161 0.117
0.122 0.161 0.117
0.122 0.161 0.117
0.122 0.161 0.117
0.122 0.161 0.117
0.122 0.161 0.117
0.121 0.161 0.116
0.121 0.160 0.116
0.121 0.160 0.116
0.121 0.160 0.116
0.121 0.160 0.116
0.121 0.160 0.116
0.121 0.160 0.116
0.121 0.160 0.116
0.121 0.160 0.116
0.121 0.160 0.116
0.121 0.160 0.116
0.121 0.160 0.116
0.121 0.160 0.116
0.121 0.160 0.116
0.121 0.160 0.116
0.121 0.160 0.116
0.121 0.160 0.116
0.121 0.160 0.116
0.121 0.160 0.116
0.121 0.160 0.116
0.121 0.160 0.116
0.121 0.160 0.116
0.121 0.159 0.116
0.120 0.159 0.116
0.120 0.159 0.115
0.121 0.160 0.116
0.123 0.173 0.125
0.123 0.173 0.125
0.122 0.173 0.125
0.122 0.172 0.125
0.122 0.172 0.125
0.122 0.172 0.125
0.122 0.172 0.125
0.122 0.172 0.125
0.122 0.172 0.125
0.122 0.172 0.125
0.122 0.172 0.125
0.122 0.172 0.125
0.122 0.172 0.125
0.122 0.172 0.125
0.122 0.172 0.125
0.122 0.172 0.125
0.122 0.172 0.125
0.122 0.172 0.124
0.122 0.172 0.124
0.122 0.172 0.124
0.122 0.172 0.124
0.122 0.172 0.124
0.122 0.172 0.124
0.122 0.172 0.124
0.122 0.171 0.124
0.122 0.171 0.124
0.122 0.171 0.124
0.122 0.171 0.124
0.121 0.171 0.124
0.121 0.171 0.124
0.121 0.171 0.124
0.121 0.171 0.124
0.121 0.171 0.124
0.121 0.171 0.124
0.121 0.171 0.124
0.121 0.171 0.124
0.121 0.171 0.124
0.121 0.171 0.124
0.121 0.170 0.124
0.121 0.170 0.124
0.121 0.170 0.124
0.121 0.170 0.124
0.121 0.170 0.123
0.121 0.170 0.123
0.121 0.170 0.123
0.121 0.170 0.123
0.121 0.170 0.123
0.120 0.170 0.123
0.120 0.170 0.123
0.120 0.169 0.123
0.121 0.170 0.123
0.170 0.220 0.201
0.170 0.220 0.200
0.170 0.220 0.200
0.170 0.220 0.200
0.170 0.220 0.200
0.170 0.220 0.200
0.170 0.220 0.200
0.169 0.219 0.200
0.169 0.219 0.199
0.169 0.219 0.199
0.169 0.219 0.199
0.169 0.219 0.199
0.169 0.219 0.199
0.169 0.218 0.199
0.169 0.218 0.199
0.168 0.218 0.199
0.168 0.218 0.198
0.168 0.218 0.198
0.168 0.218 0.198
0.168 0.217 0.198
0.168 0.217 0.198
0.168 0.217 0.198
0.167 0.217 0.197
0.167 0.217 0.197
0.167 0.217 0.197
0.167 0.216 0.197
0.167 0.216 0.197
0.167 0.216 0.197
0.167 0.216 0.197
0.166 0.216 0.196
0.166 0.216 0.196
0.166 0.216 0.196
0.166 0.215 0.196
0.166 0.215 0.196
0.166 0.215 0.195
0.166 0.215 0.195
0.166 0.214 0.195
0.166 0.214 0.195
0.165 0.214 0.195
0.165 0.214 0.195
0.165 0.214 0.195
0.165 0.214 0.194
0.165 0.213 0.194
0.165 0.213 0.194
0.165 0.213 0.194
0.165 0.213 0.194
0.164 0.213 0.194
0.164 0.213 0.194
0.164 0.213 0.193
0.164 0.213 0.193
0.164 0.212 0.193
0.164 0.212 0.193
0.164 0.212 0.193
0.164 0.212 0.193
0.163 0.212 0.193
0.163 0.212 0.192
0.163 0.211 0.192
0.163 0.211 0.192
0.163 0.211 0.192
0.163 0.211 0.192
0.163 0.211 0.192
0.162 0.210 0.191
0.162 0.210 0.191
0.162 0.210 0.191
0.162 0.210 0.191
0.162 0.210 0.191
0.162 0.210 0.191
0.162 0.210 0.191
0.162 0.210 0.191
0.161 0.209 0.190
0.161 0.209 0.190
0.161 0.209 0.190
0.161 0.209 0.190
0.161 0.209 0.190
0.161 0.208 0.190
0.161 0.208 0.190
0.161 0.208 0.189
0.161 0.208 0.189
0.160 0.208 0.189
0.160 0.208 0.189
0.160 0.208 0.189
0.160 0.207 0.189
0.160 0.207 0.188
0.160 0.207 0.188
0.160 0.207 0.188
0.159 0.207 0.188
0.159 0.207 0.188
0.159 0.207 0.188
0.159 0.206 0.188
0.159 0.206 0.187
0.159 0.206 0.187
0.159 0.206 0.187
0.159 0.205 0.187
0.158 0.205 0.187
0.158 0.205 0.187
0.158 0.205 0.187
0.158 0.205 0.186
0.158 0.205 0.186
0.158 0.205 0.186
0.158 0.205 0.186
0.158 0.204 0.186
0.158 0.204 0.186
0.158 0.204 0.186
0.158 0.204 0.186
0.157 0.204 0.186
0.157 0.204 0.185
0.157 0.204 0.185
0.157 0.203 0.185
0.157 0.203 0.185
0.157 0.203 0.185
0.157 0.203 0.185
0.157 0.203 0.185
0.157 0.203 0.185
0.157 0.203 0.185
0.156 0.203 0.184
0.156 0.203 0.184
0.156 0.202 0.184
0.156 0.202 0.184
0.156 0.202 0.184
0.156 0.202 0.184
0.156 0.202 0.184
0.156 0.202 0.183
0.155 0.201 0.183
0.155 0.201 0.183
0.155 0.201 0.183
0.155 0.201 0.183
0.155 0.201 0.183
0.155 0.201 0.183
0.155 0.201 0.183
0.155 0.201 0.182
0.154 0.200 0.182
0.154 0.200 0.182
0.154 0.200 0.182
0.154 0.200 0.182
0.154 0.200 0.182
0.154 0.200 0.182
0.154 0.200 0.182
0.154 0.199 0.181
0.154 0.199 0.181
0.154 0.199 0.181
0.154 0.199 0.181
0.153 0.199 0.181
0.153 0.199 0.181
0.153 0.199 0.181
0.153 0.199 0.181
0.153 0.198 0.180
0.153 0.198 0.180
0.153 0.198 0.180
0.153 0.198 0.180
0.153 0.198 0.180
0.153 0.198 0.180
0.152 0.197 0.180
0.152 0.197 0.180
0.152 0.197 0.180
0.152 0.197 0.179
0.152 0.197 0.179
0.152 0.197 0.179
0.152 0.197 0.179
0.152 0.197 0.179
0.152 0.197 0.179
0.152 0.196 0.179
0.151 0.196 0.178
0.151 0.196 0.178
0.151 0.196 0.178
0.151 0.196 0.178
0.151 0.196 0.178
0.151 0.196 0.178
0.151 0.195 0.178
0.151 0.195 0.178
0.151 0.195 0.178
0.151 0.195 0.178
0.150 0.195 0.177
0.150 0.195 0.177
0.150 0.195 0.177
0.150 0.195 0.177
0.150 0.195 0.177
0.150 0.194 0.177
0.150 0.194 0.177
0.150 0.194 0.177
0.150 0.194 0.176
0.150 0.194 0.176
0.150 0.194 0.176
0.150 0.194 0.176
0.149 0.194 0.176
0.149 0.193 0.176
0.149 0.193 0.176
0.149 0.193 0.176
0.149 0.193 0.176
0.149 0.193 0.175
0.149 0.193 0.175
0.149 0.193 0.175
0.148 0.192 0.175
0.148 0.192 0.175
0.148 0.192 0.175
0.148 0.192 0.175
0.148 0.192 0.175
0.148 0.192 0.175
0.148 0.192 0.175
0.148 0.192 0.174
0.148 0.191 0.174
0.148 0.191 0.174
0.148 0.191 0.174
0.148 0.191 0.174
0.147 0.191 0.174
0.147 0.191 0.174
0.147 0.191 0.174
0.147 0.191 0.174
0.147 0.190 0.173
0.147 0.190 0.173
0.147 0.190 0.173
0.147 0.190 0.173
0.147 0.190 0.173
0.146 0.190 0.173
0.146 0.190 0.173
0.146 0.190 0.173
0.146 0.190 0.172
0.146 0.189 0.172
0.146 0.189 0.172
0.146 0.189 0.172
0.146 0.189 0.172
0.146 0.189 0.172
0.146 0.189 0.172
0.146 0.189 0.172
0.145 0.188 0.171
0.145 0.188 0.171
0.145 0.188 0.171
0.145 0.188 0.171
0.145 0.188 0.171
0.145 0.188 0.171
0.145 0.188 0.171
0.145 0.188 0.171
0.145 0.188 0.171
0.145 0.188 0.171
0.145 0.188 0.171
0.145 0.187 0.170
0.145 0.187 0.170
0.145 0.187 0.170
0.144 0.187 0.170
0.144 0.187 0.170
0.144 0.187 0.170
0.144 0.187 0.170
0.144 0.186 0.170
0.144 0.186 0.170
0.144 0.186 0.170
0.144 0.186 0.169
0.144 0.186 0.169
0.144 0.186 0.169
0.143 0.186 0.169
0.143 0.186 0.169
0.143 0.186 0.169
0.143 0.186 0.169
0.143 0.185 0.169
0.143 0.185 0.168
0.143 0.185 0.168
0.143 0.185 0.168
0.143 0.185 0.168
0.143 0.185 0.168
0.143 0.185 0.168
0.143 0.185 0.168
0.143 0.185 0.168
0.142 0.185 0.168
0.142 0.184 0.168
0.142 0.184 0.168
0.142 0.184 0.168
0.142 0.184 0.167
0.142 0.184 0.167
0.142 0.184 0.167
0.142 0.184 0.167
0.142 0.184 0.167
0.142 0.183 0.167
0.142 0.183 0.167
0.141 0.183 0.167
0.141 0.183 0.167
0.141 0.183 0.167
0.141 0.183 0.166
0.141 0.183 0.166
0.141 0.183 0.166
0.141 0.183 0.166
0.141 0.183 0.166
0.141 0.183 0.166
0.141 0.183 0.166
0.141 0.182 0.166
0.141 0.182 0.166
0.141 0.182 0.166
0.141 0.182 0.166
0.140 0.182 0.166
0.140 0.182 0.165
0.140 0.182 0.165
0.140 0.182 0.165
0.140 0.181 0.165
0.140 0.181 0.165
0.140 0.181 0.165
0.140 0.181 0.165
0.140 0.181 0.165
0.140 0.181 0.165
0.140 0.181 0.165
0.140 0.181 0.165
0.140 0.181 0.165
0.140 0.181 0.165
0.154 0.076 0.084
0.154 0.076 0.084
0.154 0.076 0.084
0.154 0.076 0.084
0.153 0.076 0.083
0.153 0.076 0.083
0.153 0.076 0.083
0.153 0.076 0.083
0.153 0.076 0.083
0.153 0.076 0.083
0.153 0.076 0.083
0.153 0.076 0.083
0.153 0.076 0.083
0.153 0.076 0.083
0.153 0.076 0.083
0.153 0.076 0.083
0.153 0.076 0.083
0.153 0.076 0.083
0.153 0.076 0.083
0.153 0.076 0.083
0.153 0.076 0.083
0.153 0.076 0.083
0.153 0.076 0.083
0.153 0.076 0.083
0.153 0.076 0.083
0.153 0.076 0.083
0.153 0.076 0.083
0.153 0.076 0.083
0.153 0.076 0.083
0.153 0.076 0.083
0.153 0.076 0.083
0.153 0.076 0.083
0.153 0.076 0.083
0.152 0.076 0.083
0.152 0.076 0.083
0.152 0.076 0.083
0.152 0.076 0.083
0.152 0.076 0.083
0.152 0.076 0.083
0.152 0.076 0.083
0.152 0.076 0.083
0.152 0.076 0.083
0.152 0.076 0.083
0.152 0.076 0.083
0.152 0.076 0.083
0.152 0.076 0.083
0.152 0.076 0.083
0.152 0.076 0.083
0.152 0.075 0.083
0.152 0.075 0.083
0.152 0.075 0.083
0.152 0.075 0.083
0.152 0.075 0.083
0.152 0.075 0.083
0.152 0.075 0.083
0.152 0.075 0.083
0.152 0.075 0.083
0.152 0.075 0.082
0.152 0.075 0.082
0.152 0.075 0.082
0.152 0.075 0.082
0.151 0.075 0.082
0.151 0.075 0.082
0.151 0.075 0.082
0.151 0.075 0.082
0.151 0.075 0.082
0.151 0.075 0.082
0.151 0.075 0.082
0.151 0.075 0.082
0.151 0.075 0.082
0.151 0.075 0.082
0.151 0.075 0.082
0.151 0.075 0.082
0.151 0.075 0.082
0.151 0.075 0.082
0.151 0.075 0.082
0.151 0.075 0.082
0.151 0.075 0.082
0.151 0.075 0.082
0.151 0.075 0.082
0.151 0.075 0.082
0.151 0.075 0.082
0.151 0.075 0.082
0.151 0.075 0.082
0.151 0.075 0.082
0.151 0.075 0.082
0.151 0.075 0.082
0.151 0.075 0.082
0.151 0.075 0.082
0.151 0.075 0.082
0.150 0.075 0.082
0.150 0.075 0.082
0.150 0.075 0.082
0.150 0.075 0.082
0.150 0.075 0.082
0.150 0.075 0.082
0.150 0.075 0.082
0.150 0.075 0.082
0.150 0.075 0.082
0.150 0.075 0.082
0.150 0.075 0.082
0.150 0.075 0.082
0.150 0.075 0.082
0.150 0.074 0.082
0.150 0.074 0.082
0.150 0.074 0.082
0.150 0.074 0.081
0.150 0.074 0.081
0.150 0.074 0.081
0.150 0.074 0.081
0.150 0.074 0.081
0.150 0.074 0.081
0.150 0.074 0.081
0.149 0.074 0.081
0.149 0.074 0.081
0.149 0.074 0.081
0.149 0.074 0.081
0.149 0.074 0.081
0.149 0.074 0.081
0.149 0.074 0.081
0.149 0.074 0.081
0.149 0.074 0.081
0.149 0.074 0.081
0.149 0.074 0.081
0.149 0.074 0.081
0.155 0.226 0.197
0.155 0.226 0.197
0.155 0.225 0.196
0.155 0.225 0.196
0.155 0.225 0.196
0.155 0.225 0.196
0.155 0.225 0.196
0.155 0.225 0.196
0.154 0.224 0.195
0.154 0.224 0.195
0.154 0.224 0.195
0.154 0.224 0.195
0.154 0.223 0.195
0.154 0.223 0.195
0.154 0.223 0.194
0.153 0.223 0.194
0.153 0.223 0.194
0.153 0.222 0.194
0.153 0.222 0.194
0.153 0.222 0.194
0.153 0.222 0.194
0.153 0.222 0.194
0.153 0.222 0.193
0.153 0.222 0.193
0.153 0.222 0.193
0.152 0.222 0.193
0.152 0.221 0.193
0.152 0.221 0.193
0.152 0.221 0.193
0.152 0.221 0.192
0.152 0.221 0.192
0.152 0.220 0.192
0.152 0.220 0.192
0.151 0.220 0.192
0.151 0.220 0.192
0.151 0.220 0.191
0.151 0.219 0.191
0.151 0.219 0.191
0.151 0.219 0.191
0.150 0.219 0.190
0.150 0.219 0.190
0.150 0.219 0.190
0.150 0.218 0.190
0.150 0.218 0.190
0.150 0.218 0.190
0.150 0.218 0.190
0.150 0.218 0.190
0.150 0.217 0.189
0.150 0.217 0.189
0.149 0.217 0.189
0.149 0.217 0.189
0.149 0.217 0.189
0.149 0.217 0.189
0.149 0.217 0.189
0.149 0.216 0.189
0.149 0.216 0.188
0.149 0.216 0.188
0.149 0.216 0.188
0.148 0.216 0.188
0.148 0.216 0.188
0.148 0.215 0.188
0.148 0.215 0.187
0.148 0.215 0.187
0.148 0.215 0.187
0.148 0.214 0.187
0.147 0.214 0.187
0.147 0.214 0.187
0.147 0.214 0.187
0.147 0.214 0.186
0.147 0.214 0.186
0.147 0.214 0.186
0.147 0.213 0.186
0.147 0.213 0.186
0.146 0.213 0.185
0.146 0.213 0.185
0.146 0.213 0.185
0.146 0.213 0.185
0.146 0.212 0.185
0.146 0.212 0.185
0.146 0.212 0.185
0.146 0.212 0.185
0.146 0.212 0.185
0.146 0.212 0.184
0.146 0.212 0.184
0.145 0.211 0.184
0.145 0.211 0.184
0.145 0.211 0.184
0.145 0.211 0.184
0.145 0.211 0.183
0.145 0.211 0.183
0.145 0.211 0.183
0.145 0.210 0.183
0.144 0.210 0.183
0.145 0.210 0.183
0.144 0.210 0.183
0.144 0.210 0.183
0.144 0.210 0.183
0.144 0.210 0.183
0.144 0.209 0.182
0.144 0.209 0.182
0.144 0.209 0.182
0.144 0.209 0.182
0.144 0.209 0.182
0.144 0.209 0.182
0.143 0.208 0.182
0.143 0.208 0.181
0.143 0.208 0.181
0.143 0.208 0.181
0.143 0.208 0.181
0.143 0.208 0.181
0.143 0.208 0.181
0.143 0.208 0.181
0.143 0.207 0.181
0.143 0.207 0.181
0.143 0.207 0.180
0.142 0.207 0.180
0.142 0.207 0.180
0.142 0.207 0.180
0.142 0.206 0.180
0.142 0.206 0.180
0.142 0.206 0.180
0.142 0.206 0.179
0.142 0.206 0.179
0.142 0.206 0.179
0.141 0.206 0.179
0.141 0.205 0.179
0.141 0.205 0.179
0.141 0.205 0.179
0.141 0.205 0.179
0.141 0.205 0.178
0.141 0.205 0.178
0.141 0.205 0.178
0.141 0.204 0.178
0.140 0.204 0.178
0.140 0.204 0.178
0.140 0.204 0.178
0.140 0.204 0.178
0.140 0.204 0.177
0.140 0.204 0.177
0.140 0.203 0.177
0.140 0.203 0.177
0.140 0.203 0.177
0.140 0.203 0.177
0.139 0.203 0.177
0.139 0.203 0.176
0.139 0.202 0.176
0.139 0.202 0.176
0.139 0.202 0.176
0.139 0.202 0.176
0.139 0.202 0.176
0.139 0.202 0.176
0.139 0.202 0.176
0.139 0.202 0.176
0.139 0.201 0.175
0.139 0.201 0.175
0.138 0.201 0.175
0.138 0.201 0.175
0.138 0.201 0.175
0.138 0.201 0.175
0.138 0.201 0.175
0.138 0.201 0.175
0.138 0.201 0.175
0.138 0.200 0.175
0.138 0.200 0.175
0.138 0.200 0.174
0.138 0.200 0.174
0.138 0.200 0.174
0.137 0.200 0.174
0.137 0.199 0.174
0.137 0.199 0.174
0.137 0.199 0.174
0.137 0.199 0.173
0.137 0.199 0.173
0.137 0.199 0.173
0.137 0.199 0.173
0.137 0.199 0.173
0.137 0.198 0.173
0.136 0.198 0.173
0.136 0.198 0.173
0.136 0.198 0.173
0.136 0.198 0.173
0.136 0.198 0.172
0.136 0.198 0.172
0.136 0.197 0.172
0.136 0.197 0.172
0.136 0.197 0.172
0.136 0.197 0.172
0.136 0.197 0.172
0.136 0.197 0.172
0.135 0.197 0.171
0.135 0.197 0.171
0.135 0.197 0.171
0.135 0.197 0.171
0.135 0.196 0.171
0.135 0.196 0.171
0.135 0.196 0.171
0.135 0.196 0.171
0.135 0.196 0.171
0.135 0.196 0.170
0.135 0.196 0.170
0.135 0.196 0.170
0.134 0.195 0.170
0.134 0.195 0.170
0.134 0.195 0.170
0.134 0.195 0.170
0.134 0.195 0.170
0.134 0.195 0.170
0.134 0.195 0.169
0.134 0.194 0.169
0.134 0.194 0.169
0.134 0.194 0.169
0.134 0.194 0.169
0.133 0.194 0.169
0.133 0.194 0.169
0.133 0.194 0.169
0.133 0.194 0.169
0.133 0.194 0.169
0.133 0.194 0.169
0.133 0.193 0.168
0.133 0.193 0.168
0.133 0.193 0.168
0.133 0.193 0.168
0.133 0.193 0.168
0.133 0.193 0.168
0.133 0.193 0.168
0.132 0.192 0.168
0.132 0.192 0.167
0.132 0.192 0.167
0.132 0.192 0.167
0.132 0.192 0.167
0.132 0.192 0.167
0.132 0.192 0.167
0.132 0.192 0.167
0.132 0.192 0.167
0.132 0.192 0.167
0.132 0.191 0.167
0.132 0.191 0.167
0.132 0.191 0.167
0.131 0.191 0.166
0.131 0.191 0.166
0.131 0.191 0.166
0.131 0.191 0.166
0.131 0.191 0.166
0.131 0.191 0.166
0.131 0.191 0.166
0.131 0.191 0.166
0.131 0.190 0.166
0.131 0.190 0.166
0.131 0.190 0.166
0.131 0.190 0.166
0.131 0.190 0.166
0.131 0.190 0.166
0.143 0.236 0.195
0.143 0.236 0.195
0.143 0.236 0.195
0.143 0.236 0.194
0.143 0.236 0.194
0.143 0.236 0.194
0.143 0.236 0.194
0.143 0.235 0.194
0.143 0.235 0.194
0.143 0.235 0.194
0.142 0.235 0.194
0.142 0.235 0.193
0.142 0.235 0.193
0.142 0.234 0.193
0.142 0.234 0.193
0.142 0.234 0.193
0.142 0.234 0.193
0.141 0.233 0.192
0.141 0.233 0.192
0.141 0.233 0.192
0.141 0.233 0.192
0.141 0.233 0.191
0.141 0.232 0.191
0.141 0.232 0.191
0.141 0.232 0.191
0.141 0.232 0.191
0.140 0.231 0.191
0.140 0.231 0.190
0.140 0.231 0.191
0.140 0.231 0.190
0.140 0.231 0.190
0.140 0.231 0.190
0.140 0.231 0.190
0.140 0.230 0.190
0.139 0.230 0.189
0.139 0.230 0.189
0.139 0.230 0.189
0.139 0.229 0.189
0.139 0.229 0.189
0.139 0.229 0.189
0.139 0.229 0.189
0.139 0.229 0.188
0.139 0.229 0.188
0.139 0.229 0.188
0.138 0.228 0.188
0.138 0.228 0.188
0.138 0.228 0.188
0.138 0.228 0.188
0.138 0.228 0.188
0.138 0.227 0.187
0.138 0.227 0.187
0.138 0.227 0.187
0.138 0.227 0.187
0.137 0.227 0.187
0.137 0.226 0.187
0.137 0.226 0.187
0.137 0.226 0.186
0.137 0.226 0.186
0.137 0.226 0.186
0.137 0.226 0.186
0.137 0.225 0.186
0.137 0.225 0.186
0.137 0.225 0.186
0.136 0.225 0.185
0.136 0.225 0.185
0.136 0.225 0.185
0.136 0.224 0.185
0.136 0.224 0.185
0.136 0.224 0.185
0.136 0.224 0.184
0.136 0.224 0.184
0.136 0.224 0.184
0.135 0.223 0.184
0.135 0.223 0.184
0.135 0.223 0.184
0.135 0.223 0.183
0.135 0.222 0.183
0.135 0.222 0.183
0.135 0.222 0.183
0.135 0.222 0.183
0.135 0.222 0.183
0.134 0.222 0.183
0.134 0.221 0.182
0.134 0.221 0.182
0.134 0.221 0.182
0.134 0.221 0.182
0.134 0.221 0.182
0.134 0.221 0.182
0.134 0.221 0.182
0.134 0.220 0.181
0.133 0.220 0.181
0.133 0.220 0.181
0.133 0.220 0.181
0.133 0.220 0.181
0.133 0.220 0.181
0.133 0.219 0.181
0.133 0.219 0.180
0.133 0.219 0.180
0.133 0.219 0.180
0.133 0.219 0.180
0.133 0.219 0.180
0.133 0.219 0.180
0.132 0.218 0.180
0.132 0.218 0.180
0.132 0.218 0.180
0.132 0.218 0.180
0.132 0.218 0.179
0.132 0.217 0.179
0.132 0.217 0.179
0.132 0.217 0.179
0.132 0.217 0.179
0.131 0.217 0.178
0.131 0.217 0.178
0.131 0.217 0.178
0.131 0.216 0.178
0.131 0.216 0.178
0.131 0.216 0.178
0.131 0.216 0.178
0.131 0.216 0.178
0.131 0.216 0.178
0.131 0.215 0.177
0.131 0.215 0.177
0.130 0.215 0.177
0.130 0.215 0.177
0.130 0.215 0.177
0.130 0.215 0.177
0.130 0.215 0.177
0.130 0.214 0.177
0.130 0.214 0.177
0.130 0.214 0.176
0.130 0.214 0.176
0.130 0.214 0.176
0.130 0.214 0.176
0.130 0.214 0.176
0.130 0.214 0.176
0.129 0.214 0.176
0.129 0.213 0.176
0.129 0.213 0.175
0.129 0.213 0.175
0.129 0.213 0.175
0.129 0.213 0.175
0.129 0.213 0.175
0.129 0.212 0.175
0.129 0.212 0.175
0.129 0.212 0.175
0.128 0.212 0.175
0.128 0.212 0.174
0.128 0.212 0.174
0.128 0.211 0.174
0.128 0.211 0.174
0.128 0.211 0.174
0.128 0.211 0.174
0.128 0.211 0.174
0.128 0.211 0.174
0.128 0.211 0.174
0.128 0.211 0.173
0.127 0.210 0.173
0.127 0.210 0.173
0.127 0.210 0.173
0.127 0.210 0.173
0.127 0.210 0.173
0.127 0.209 0.172
0.127 0.209 0.172
0.127 0.209 0.172
0.127 0.209 0.172
0.127 0.209 0.172
0.127 0.209 0.172
0.126 0.209 0.172
0.126 0.208 0.172
0.126 0.208 0.172
0.126 0.208 0.172
0.126 0.208 0.171
0.126 0.208 0.171
0.126 0.208 0.171
0.126 0.207 0.171
0.126 0.207 0.171
0.126 0.207 0.171
0.126 0.207 0.171
0.125 0.207 0.170
0.125 0.207 0.170
0.125 0.207 0.170
0.125 0.207 0.170
0.125 0.206 0.170
0.125 0.206 0.170
0.125 0.206 0.170
0.125 0.206 0.170
0.125 0.206 0.170
0.125 0.206 0.170
0.125 0.206 0.169
0.125 0.206 0.169
0.125 0.205 0.169
0.125 0.205 0.169
0.125 0.205 0.169
0.125 0.205 0.169
0.124 0.205 0.169
0.124 0.205 0.169
0.124 0.205 0.169
0.124 0.205 0.169
0.124 0.205 0.169
0.124 0.205 0.169
0.124 0.205 0.169
0.124 0.205 0.168
0.124 0.204 0.168
0.124 0.204 0.168
0.124 0.204 0.168
0.124 0.204 0.168
0.124 0.204 0.168
0.124 0.204 0.168
0.124 0.204 0.168
0.124 0.204 0.168
0.123 0.204 0.168
0.123 0.203 0.167
0.123 0.203 0.167
0.123 0.203 0.167
0.123 0.203 0.167
0.123 0.203 0.167
0.123 0.203 0.167
0.123 0.203 0.167
0.123 0.203 0.167
0.123 0.203 0.167
0.123 0.202 0.167
0.123 0.202 0.167
0.123 0.202 0.167
0.123 0.202 0.167
0.123 0.202 0.166
0.122 0.202 0.166
0.122 0.202 0.166
0.122 0.202 0.166
0.122 0.202 0.166
0.122 0.202 0.166
0.122 0.201 0.166
0.122 0.201 0.166
0.122 0.201 0.166
0.122 0.201 0.166
0.122 0.201 0.166
0.122 0.201 0.166
0.122 0.201 0.166
0.122 0.201 0.165
0.122 0.201 0.165
0.122 0.201 0.165
0.122 0.200 0.165
0.121 0.200 0.165
0.121 0.200 0.165
0.121 0.200 0.165
0.121 0.200 0.165
0.121 0.200 0.164
0.121 0.200 0.164
0.121 0.200 0.164
0.121 0.200 0.164
0.121 0.200 0.164
0.121 0.199 0.164
0.121 0.199 0.164
0.121 0.199 0.164
0.121 0.199 0.164
0.121 0.199 0.164
0.121 0.199 0.164
0.120 0.199 0.164
0.120 0.199 0.164
0.120 0.198 0.163
0.120 0.198 0.163
0.120 0.198 0.163
0.120 0.198 0.163
0.120 0.198 0.163
0.120 0.198 0.163
0.120 0.198 0.163
0.120 0.198 0.163
0.120 0.197 0.163
0.120 0.197 0.163
0.120 0.197 0.163
0.120 0.197 0.163
0.120 0.197 0.163
0.120 0.197 0.163
0.120 0.197 0.162
0.119 0.197 0.162
0.120 0.197 0.162
0.119 0.197 0.162
0.119 0.197 0.162
0.148 0.271 0.223
0.148 0.271 0.223
0.148 0.271 0.223
0.147 0.270 0.222
0.147 0.270 0.222
0.147 0.269 0.222
0.147 0.269 0.222
0.147 0.269 0.222
0.147 0.269 0.222
0.147 0.269 0.222
0.147 0.269 0.221
0.146 0.268 0.221
0.146 0.268 0.221
0.146 0.268 0.220
0.146 0.267 0.220
0.146 0.267 0.220
0.145 0.267 0.220
0.145 0.266 0.219
0.145 0.266 0.219
0.145 0.266 0.219
0.145 0.265 0.219
0.145 0.265 0.219
0.145 0.265 0.218
0.144 0.265 0.218
0.144 0.264 0.218
0.144 0.264 0.218
0.144 0.264 0.218
0.144 0.264 0.217
0.144 0.264 0.217
0.144 0.263 0.217
0.143 0.263 0.217
0.143 0.263 0.216
0.143 0.262 0.216
0.143 0.262 0.216
0.143 0.262 0.216
0.143 0.261 0.215
0.142 0.261 0.215
0.142 0.261 0.215
0.142 0.261 0.215
0.142 0.260 0.215
0.142 0.260 0.214
0.142 0.260 0.214
0.142 0.260 0.214
0.142 0.260 0.214
0.142 0.259 0.214
0.141 0.259 0.214
0.141 0.259 0.213
0.141 0.259 0.213
0.141 0.259 0.213
0.141 0.258 0.212
0.141 0.258 0.212
0.140 0.258 0.212
0.140 0.257 0.212
0.140 0.257 0.212
0.140 0.257 0.211
0.140 0.256 0.211
0.140 0.256 0.211
0.140 0.256 0.211
0.139 0.256 0.211
0.139 0.256 0.210
0.139 0.255 0.210
0.139 0.255 0.210
0.139 0.255 0.210
0.139 0.254 0.209
0.139 0.254 0.209
0.139 0.254 0.209
0.138 0.254 0.209
0.138 0.253 0.209
0.138 0.253 0.208
0.138 0.253 0.208
0.138 0.253 0.208
0.138 0.253 0.208
0.137 0.252 0.208
0.137 0.252 0.207
0.137 0.252 0.207
0.137 0.251 0.207
0.137 0.251 0.207
0.137 0.251 0.207
0.137 0.251 0.206
0.137 0.250 0.206
0.137 0.250 0.206
0.136 0.250 0.206
0.136 0.250 0.206
0.136 0.250 0.206
0.136 0.249 0.205
0.136 0.249 0.205
0.136 0.249 0.205
0.136 0.249 0.205
0.135 0.248 0.205
0.135 0.248 0.205
0.135 0.248 0.204
0.135 0.248 0.204
0.135 0.248 0.204
0.135 0.248 0.204
0.135 0.247 0.204
0.135 0.247 0.203
0.135 0.247 0.203
0.134 0.247 0.203
0.134 0.247 0.203
0.134 0.246 0.203
0.134 0.246 0.203
0.134 0.246 0.203
0.134 0.246 0.202
0.134 0.245 0.202
0.134 0.245 0.202
0.134 0.245 0.202
0.134 0.245 0.202
0.133 0.245 0.201
0.133 0.245 0.201
0.133 0.245 0.201
0.133 0.244 0.201
0.133 0.244 0.201
0.133 0.244 0.201
0.133 0.244 0.201
0.133 0.244 0.201
0.133 0.243 0.200
0.133 0.243 0.200
0.132 0.243 0.200
0.132 0.242 0.200
0.132 0.242 0.200
0.132 0.242 0.199
0.132 0.242 0.199
0.132 0.242 0.199
0.132 0.241 0.199
0.132 0.241 0.199
0.131 0.241 0.198
0.131 0.241 0.198
0.131 0.241 0.198
0.131 0.240 0.198
0.131 0.240 0.198
0.131 0.240 0.197
0.131 0.240 0.197
0.131 0.239 0.197
0.131 0.240 0.197
0.131 0.239 0.197
0.130 0.239 0.197
0.130 0.239 0.197
0.130 0.239 0.197
0.130 0.239 0.196
0.130 0.239 0.196
0.130 0.238 0.196
0.130 0.238 0.196
0.130 0.238 0.196
0.130 0.238 0.196
0.130 0.238 0.196
0.129 0.237 0.195
0.129 0.237 0.195
0.129 0.237 0.195
0.129 0.237 0.195
0.129 0.236 0.195
0.129 0.236 0.195
0.129 0.236 0.195
0.129 0.236 0.194
0.129 0.236 0.194
0.129 0.236 0.194
0.128 0.236 0.194
0.128 0.235 0.194
0.128 0.235 0.194
0.128 0.235 0.194
0.128 0.235 0.194
0.128 0.235 0.193
0.128 0.234 0.193
0.128 0.234 0.193
0.128 0.234 0.193
0.128 0.234 0.193
0.127 0.234 0.192
0.127 0.233 0.192
0.127 0.233 0.192
0.127 0.233 0.192
0.127 0.233 0.192
0.127 0.233 0.192
0.127 0.232 0.191
0.127 0.232 0.191
0.127 0.232 0.191
0.126 0.232 0.191
0.126 0.232 0.191
0.126 0.232 0.191
0.126 0.231 0.191
0.126 0.231 0.190
0.126 0.231 0.190
0.126 0.231 0.190
0.126 0.231 0.190
0.126 0.231 0.190
0.126 0.230 0.190
0.126 0.230 0.190
0.125 0.230 0.190
0.125 0.230 0.189
0.125 0.230 0.189
0.125 0.229 0.189
0.125 0.229 0.189
0.125 0.229 0.189
0.125 0.229 0.188
0.125 0.229 0.188
0.125 0.229 0.188
0.125 0.229 0.188
0.124 0.228 0.188
0.124 0.228 0.188
0.124 0.228 0.188
0.124 0.228 0.188
0.124 0.228 0.188
0.124 0.228 0.188
0.124 0.228 0.188
0.124 0.228 0.187
0.124 0.227 0.187
0.124 0.227 0.187
0.124 0.227 0.187
0.124 0.227 0.187
0.124 0.227 0.187
0.124 0.226 0.187
0.123 0.226 0.186
0.123 0.226 0.186
0.123 0.226 0.186
0.123 0.226 0.186
0.123 0.226 0.186
0.123 0.226 0.186
0.123 0.226 0.186
0.123 0.226 0.186
0.123 0.226 0.186
0.123 0.225 0.186
0.123 0.225 0.185
0.123 0.225 0.185
0.123 0.225 0.185
0.123 0.225 0.185
0.122 0.224 0.185
0.122 0.224 0.185
0.122 0.224 0.185
0.122 0.224 0.185
0.122 0.224 0.184
0.122 0.224 0.184
0.122 0.224 0.184
0.122 0.224 0.184
0.122 0.223 0.184
0.122 0.223 0.184
0.122 0.223 0.184
0.121 0.223 0.183
0.121 0.223 0.183
0.121 0.223 0.183
0.121 0.223 0.183
0.121 0.222 0.183
0.121 0.222 0.183
0.121 0.222 0.183
0.121 0.222 0.183
0.121 0.222 0.183
0.121 0.222 0.182
0.121 0.221 0.182
0.121 0.221 0.182
0.121 0.221 0.182
0.121 0.221 0.182
0.121 0.221 0.182
0.121 0.221 0.182
0.120 0.221 0.182
0.120 0.221 0.182
0.120 0.221 0.182
0.120 0.220 0.182
0.120 0.220 0.182
0.120 0.220 0.181
0.120 0.220 0.181
0.120 0.220 0.181
0.120 0.220 0.181
0.120 0.219 0.181
0.120 0.219 0.181
0.120 0.219 0.180
0.119 0.219 0.180
0.119 0.219 0.180
0.119 0.219 0.180
0.119 0.219 0.180
0.119 0.219 0.180
0.119 0.218 0.180
0.119 0.218 0.180
0.119 0.218 0.180
0.119 0.218 0.180
0.119 0.218 0.180
0.119 0.218 0.180
0.119 0.218 0.180
0.119 0.218 0.180
0.119 0.218 0.180
0.119 0.218 0.179
0.124 0.269 0.195
0.124 0.269 0.195
0.124 0.269 0.195
0.124 0.268 0.195
0.124 0.268 0.194
0.124 0.268 0.194
0.124 0.268 0.194
0.124 0.268 0.194
0.124 0.268 0.194
0.123 0.267 0.194
0.123 0.267 0.194
0.123 0.267 0.194
0.123 0.267 0.194
0.123 0.267 0.194
0.123 0.267 0.193
0.123 0.266 0.193
0.123 0.266 0.193
0.123 0.266 0.193
0.123 0.266 0.193
0.123 0.266 0.193
0.123 0.266 0.193
0.123 0.266 0.193
0.123 0.266 0.193
0.123 0.265 0.192
0.122 0.265 0.192
0.122 0.265 0.192
0.122 0.265 0.192
0.122 0.265 0.192
0.122 0.265 0.192
0.122 0.265 0.192
0.122 0.264 0.192
0.122 0.264 0.191
0.122 0.264 0.191
0.122 0.264 0.191
0.122 0.264 0.191
0.122 0.263 0.191
0.122 0.263 0.191
0.121 0.263 0.191
0.121 0.263 0.191
0.121 0.263 0.190
0.121 0.262 0.190
0.121 0.262 0.190
0.121 0.262 0.190
0.121 0.262 0.190
0.121 0.262 0.190
0.121 0.261 0.190
0.121 0.261 0.189
0.121 0.261 0.189
0.120 0.261 0.189
0.120 0.261 0.189
0.121 0.262 0.190
0.124 0.096 0.069
0.124 0.096 0.069
0.124 0.096 0.069
0.124 0.096 0.069
0.124 0.096 0.069
0.124 0.096 0.069
0.124 0.096 0.069
0.124 0.096 0.069
0.124 0.096 0.069
0.124 0.096 0.069
0.124 0.096 0.069
0.124 0.096 0.069
0.124 0.096 0.069
0.125 0.097 0.070
0.124 0.096 0.069
0.125 0.097 0.070
0.124 0.096 0.069
0.125 0.097 0.069
0.125 0.097 0.070
0.124 0.096 0.069
0.124 0.096 0.069
0.124 0.096 0.069
0.124 0.096 0.069
0.124 0.096 0.069
0.124 0.096 0.069
0.124 0.096 0.069
0.124 0.096 0.069
0.124 0.096 0.069
0.125 0.110 0.079
0.125 0.110 0.079
0.125 0.110 0.079
0.125 0.110 0.079
0.125 0.110 0.079
0.125 0.110 0.079
0.125 0.110 0.079
0.125 0.110 0.079
0.125 0.110 0.079
0.125 0.110 0.079
0.125 0.110 0.079
0.125 0.110 0.079
0.125 0.110 0.079
0.125 0.110 0.079
0.125 0.110 0.079
0.125 0.110 0.079
0.125 0.110 0.079
0.125 0.110 0.079
0.125 0.110 0.079
0.125 0.109 0.079
0.125 0.109 0.079
0.125 0.109 0.079
0.125 0.109 0.079
0.125 0.109 0.079
0.125 0.109 0.079
0.124 0.109 0.079
0.124 0.109 0.079
0.124 0.109 0.079
0.138 0.118 0.084
0.138 0.118 0.084
0.138 0.118 0.084
0.138 0.118 0.084
0.138 0.118 0.084
0.138 0.118 0.084
0.138 0.118 0.084
0.138 0.118 0.084
0.138 0.118 0.084
0.138 0.118 0.084
0.144 0.106 0.076
0.144 0.106 0.075
0.144 0.106 0.075
0.144 0.106 0.075
0.144 0.106 0.075
0.144 0.106 0.075
0.144 0.106 0.075
0.144 0.106 0.075
0.144 0.106 0.075
0.144 0.106 0.075
0.144 0.106 0.075
0.144 0.106 0.075
0.144 0.106 0.075
0.144 0.106 0.075
0.144 0.106 0.075
0.144 0.106 0.075
0.144 0.106 0.075
0.144 0.105 0.075
0.144 0.105 0.075
0.144 0.105 0.075
0.144 0.105 0.075
0.232 0.186 0.128
0.232 0.185 0.128
0.232 0.185 0.128
0.232 0.185 0.128
0.231 0.185 0.128
0.231 0.185 0.128
0.231 0.185 0.128
0.231 0.185 0.128
0.231 0.185 0.128
0.231 0.185 0.128
0.231 0.184 0.128
0.231 0.184 0.128
0.231 0.184 0.128
0.230 0.184 0.127
0.230 0.184 0.127
0.265 0.226 0.156
0.265 0.226 0.156
0.265 0.226 0.156
0.265 0.226 0.156
0.265 0.226 0.156
0.265 0.226 0.156
0.264 0.225 0.156
0.264 0.225 0.156
0.264 0.225 0.155
0.264 0.225 0.155
0.264 0.225 0.155
0.264 0.225 0.155
0.264 0.225 0.155
0.255 0.211 0.145
0.255 0.211 0.145
0.255 0.211 0.145
0.255 0.211 0.145
0.255 0.211 0.145
0.255 0.211 0.145
0.255 0.211 0.145
0.255 0.211 0.145
0.255 0.211 0.145
0.255 0.211 0.145
0.255 0.211 0.145
0.255 0.211 0.145
