255.00 78.00
255.00 79.00
255.00 80.00
255.00 81.00
255.00 82.00
255.00 83.00
230.00 84.00
255.00 84.00
230.00 85.00
255.00 85.00
230.00 86.00
255.00 86.00
231.00 87.00
255.00 87.00
231.00 88.00
255.00 88.00
206.00 89.00
231.00 89.00
255.00 89.00
206.00 90.00
231.00 90.00
255.00 90.00
206.00 91.00
231.00 91.00
255.00 91.00
206.00 92.00
231.00 92.00
255.00 92.00
206.00 93.00
231.00 93.00
255.00 93.00
206.00 94.00
231.00 94.00
255.00 94.00
182.00 95.00
206.00 95.00
231.00 95.00
255.00 95.00
182.00 96.00
206.00 96.00
231.00 96.00
255.00 96.00
182.00 97.00
206.00 97.00
231.00 97.00
255.00 97.00
182.00 98.00
206.00 98.00
231.00 98.00
255.00 98.00
182.00 99.00
206.00 99.00
231.00 99.00
255.00 99.00
157.00 100.00
182.00 100.00
206.00 100.00
231.00 100.00
255.00 100.00
157.00 101.00
182.00 101.00
206.00 101.00
231.00 101.00
255.00 101.00
157.00 102.00
182.00 102.00
206.00 102.00
230.00 102.00
255.00 102.00
157.00 103.00
182.00 103.00
206.00 103.00
230.00 103.00
255.00 103.00
157.00 104.00
182.00 104.00
206.00 104.00
230.00 104.00
255.00 104.00
157.00 105.00
182.00 105.00
206.00 105.00
230.00 105.00
255.00 105.00
133.00 106.00
157.00 106.00
182.00 106.00
206.00 106.00
230.00 106.00
255.00 106.00
133.00 107.00
157.00 107.00
182.00 107.00
206.00 107.00
230.00 107.00
255.00 107.00
133.00 108.00
157.00 108.00
182.00 108.00
206.00 108.00
230.00 108.00
255.00 108.00
133.00 109.00
157.00 109.00
182.00 109.00
206.00 109.00
230.00 109.00
255.00 109.00
133.00 110.00
157.00 110.00
182.00 110.00
206.00 110.00
230.00 110.00
255.00 110.00
108.00 111.00
133.00 111.00
157.00 111.00
182.00 111.00
206.00 111.00
230.00 111.00
255.00 111.00
108.00 112.00
133.00 112.00
157.00 112.00
182.00 112.00
206.00 112.00
231.00 112.00
255.00 112.00
108.00 113.00
133.00 113.00
157.00 113.00
182.00 113.00
206.00 113.00
231.00 113.00
255.00 113.00
267.00 113.00
108.00 114.00
133.00 114.00
157.00 114.00
182.00 114.00
206.00 114.00
231.00 114.00
255.00 114.00
267.00 114.00
108.00 115.00
133.00 115.00
157.00 115.00
182.00 115.00
206.00 115.00
231.00 115.00
255.00 115.00
267.00 115.00
108.00 116.00
133.00 116.00
157.00 116.00
182.00 116.00
206.00 116.00
231.00 116.00
255.00 116.00
267.00 116.00
84.00 117.00
108.00 117.00
133.00 117.00
157.00 117.00
182.00 117.00
206.00 117.00
231.00 117.00
255.00 117.00
84.00 118.00
108.00 118.00
133.00 118.00
157.00 118.00
182.00 118.00
206.00 118.00
231.00 118.00
255.00 118.00
84.00 119.00
108.00 119.00
133.00 119.00
157.00 119.00
182.00 119.00
206.00 119.00
231.00 119.00
255.00 119.00
84.00 120.00
108.00 120.00
133.00 120.00
157.00 120.00
182.00 120.00
206.00 120.00
231.00 120.00
255.00 120.00
84.00 121.00
108.00 121.00
133.00 121.00
157.00 121.00
182.00 121.00
206.00 121.00
231.00 121.00
255.00 121.00
59.00 122.00
84.00 122.00
108.00 122.00
133.00 122.00
157.00 122.00
182.00 122.00
206.00 122.00
231.00 122.00
255.00 122.00
59.00 123.00
84.00 123.00
108.00 123.00
133.00 123.00
157.00 123.00
182.00 123.00
206.00 123.00
231.00 123.00
255.00 123.00
59.00 124.00
84.00 124.00
108.00 124.00
133.00 124.00
157.00 124.00
182.00 124.00
206.00 124.00
231.00 124.00
255.00 124.00
59.00 125.00
84.00 125.00
108.00 125.00
133.00 125.00
157.00 125.00
182.00 125.00
206.00 125.00
231.00 125.00
255.00 125.00
59.00 126.00
84.00 126.00
108.00 126.00
133.00 126.00
157.00 126.00
182.00 126.00
206.00 126.00
231.00 126.00
255.00 126.00
59.00 127.00
84.00 127.00
108.00 127.00
133.00 127.00
157.00 127.00
182.00 127.00
206.00 127.00
231.00 127.00
255.00 127.00
35.00 128.00
59.00 128.00
84.00 128.00
108.00 128.00
133.00 128.00
157.00 128.00
182.00 128.00
206.00 128.00
231.00 128.00
255.00 128.00
35.00 129.00
59.00 129.00
84.00 129.00
108.00 129.00
133.00 129.00
157.00 129.00
182.00 129.00
206.00 129.00
231.00 129.00
255.00 129.00
35.00 130.00
59.00 130.00
84.00 130.00
108.00 130.00
133.00 130.00
157.00 130.00
182.00 130.00
206.00 130.00
230.00 130.00
255.00 130.00
35.00 131.00
59.00 131.00
84.00 131.00
108.00 131.00
133.00 131.00
157.00 131.00
182.00 131.00
206.00 131.00
230.00 131.00
255.00 131.00
35.00 132.00
59.00 132.00
84.00 132.00
108.00 132.00
133.00 132.00
157.00 132.00
182.00 132.00
206.00 132.00
230.00 132.00
255.00 132.00
10.00 133.00
35.00 133.00
59.00 133.00
84.00 133.00
108.00 133.00
133.00 133.00
157.00 133.00
182.00 133.00
206.00 133.00
230.00 133.00
255.00 133.00
10.00 134.00
35.00 134.00
59.00 134.00
84.00 134.00
108.00 134.00
133.00 134.00
157.00 134.00
182.00 134.00
206.00 134.00
231.00 134.00
255.00 134.00
10.00 135.00
35.00 135.00
59.00 135.00
84.00 135.00
108.00 135.00
133.00 135.00
157.00 135.00
182.00 135.00
206.00 135.00
231.00 135.00
255.00 135.00
267.00 135.00
10.00 136.00
35.00 136.00
59.00 136.00
84.00 136.00
108.00 136.00
133.00 136.00
157.00 136.00
182.00 136.00
206.00 136.00
231.00 136.00
255.00 136.00
267.00 136.00
10.00 137.00
35.00 137.00
59.00 137.00
84.00 137.00
108.00 137.00
133.00 137.00
157.00 137.00
181.00 137.00
206.00 137.00
230.00 137.00
255.00 137.00
267.00 137.00
10.00 138.00
35.00 138.00
59.00 138.00
84.00 138.00
108.00 138.00
133.00 138.00
157.00 138.00
181.00 138.00
206.00 138.00
230.00 138.00
255.00 138.00
267.00 138.00
10.00 139.00
35.00 139.00
59.00 139.00
84.00 139.00
108.00 139.00
133.00 139.00
157.00 139.00
181.00 139.00
206.00 139.00
230.00 139.00
255.00 139.00
267.00 139.00
10.00 140.00
35.00 140.00
59.00 140.00
84.00 140.00
108.00 140.00
133.00 140.00
157.00 140.00
181.00 140.00
206.00 140.00
230.00 140.00
255.00 140.00
267.00 140.00
10.00 141.00
35.00 141.00
59.00 141.00
84.00 141.00
108.00 141.00
133.00 141.00
157.00 141.00
181.00 141.00
206.00 141.00
230.00 141.00
255.00 141.00
267.00 141.00
10.00 142.00
35.00 142.00
59.00 142.00
84.00 142.00
108.00 142.00
133.00 142.00
157.00 142.00
181.00 142.00
206.00 142.00
230.00 142.00
255.00 142.00
267.00 142.00
10.00 143.00
35.00 143.00
59.00 143.00
84.00 143.00
108.00 143.00
133.00 143.00
157.00 143.00
181.00 143.00
206.00 143.00
230.00 143.00
255.00 143.00
10.00 144.00
35.00 144.00
59.00 144.00
83.00 144.00
108.00 144.00
133.00 144.00
157.00 144.00
181.00 144.00
206.00 144.00
230.00 144.00
255.00 144.00
10.00 145.00
35.00 145.00
59.00 145.00
83.00 145.00
108.00 145.00
133.00 145.00
157.00 145.00
181.00 145.00
206.00 145.00
230.00 145.00
255.00 145.00
10.00 146.00
35.00 146.00
59.00 146.00
83.00 146.00
108.00 146.00
133.00 146.00
157.00 146.00
181.00 146.00
206.00 146.00
230.00 146.00
255.00 146.00
10.00 147.00
35.00 147.00
59.00 147.00
83.00 147.00
108.00 147.00
133.00 147.00
157.00 147.00
181.00 147.00
206.00 147.00
230.00 147.00
255.00 147.00
10.00 148.00
35.00 148.00
59.00 148.00
83.00 148.00
108.00 148.00
133.00 148.00
157.00 148.00
181.00 148.00
206.00 148.00
230.00 148.00
255.00 148.00
10.00 149.00
35.00 149.00
59.00 149.00
83.00 149.00
108.00 149.00
133.00 149.00
157.00 149.00
181.00 149.00
206.00 149.00
230.00 149.00
255.00 149.00
10.00 150.00
35.00 150.00
59.00 150.00
83.00 150.00
108.00 150.00
132.00 150.00
157.00 150.00
181.00 150.00
206.00 150.00
230.00 150.00
255.00 150.00
267.00 150.00
10.00 151.00
35.00 151.00
59.00 151.00
83.00 151.00
108.00 151.00
132.00 151.00
157.00 151.00
181.00 151.00
206.00 151.00
230.00 151.00
255.00 151.00
267.00 151.00
10.00 152.00
35.00 152.00
59.00 152.00
83.00 152.00
108.00 152.00
132.00 152.00
157.00 152.00
181.00 152.00
205.00 152.00
230.00 152.00
255.00 152.00
267.00 152.00
10.00 153.00
34.00 153.00
59.00 153.00
83.00 153.00
108.00 153.00
132.00 153.00
157.00 153.00
181.00 153.00
205.00 153.00
230.00 153.00
255.00 153.00
267.00 153.00
10.00 154.00
34.00 154.00
59.00 154.00
83.00 154.00
108.00 154.00
132.00 154.00
157.00 154.00
181.00 154.00
205.00 154.00
230.00 154.00
255.00 154.00
267.00 154.00
10.00 155.00
34.00 155.00
59.00 155.00
83.00 155.00
108.00 155.00
132.00 155.00
157.00 155.00
181.00 155.00
205.00 155.00
230.00 155.00
255.00 155.00
267.00 155.00
10.00 156.00
34.00 156.00
59.00 156.00
83.00 156.00
108.00 156.00
132.00 156.00
157.00 156.00
181.00 156.00
205.00 156.00
230.00 156.00
255.00 156.00
10.00 157.00
34.00 157.00
59.00 157.00
84.00 157.00
108.00 157.00
132.00 157.00
157.00 157.00
181.00 157.00
206.00 157.00
230.00 157.00
255.00 157.00
10.00 158.00
34.00 158.00
59.00 158.00
84.00 158.00
108.00 158.00
132.00 158.00
157.00 158.00
181.00 158.00
206.00 158.00
230.00 158.00
255.00 158.00
10.00 159.00
34.00 159.00
59.00 159.00
84.00 159.00
108.00 159.00
132.00 159.00
157.00 159.00
181.00 159.00
206.00 159.00
230.00 159.00
255.00 159.00
10.00 160.00
34.00 160.00
59.00 160.00
84.00 160.00
108.00 160.00
132.00 160.00
157.00 160.00
181.00 160.00
206.00 160.00
230.00 160.00
255.00 160.00
267.00 160.00
10.00 161.00
34.00 161.00
59.00 161.00
84.00 161.00
108.00 161.00
132.00 161.00
157.00 161.00
181.00 161.00
206.00 161.00
230.00 161.00
255.00 161.00
267.00 161.00
10.00 162.00
34.00 162.00
59.00 162.00
83.00 162.00
108.00 162.00
132.00 162.00
157.00 162.00
181.00 162.00
206.00 162.00
230.00 162.00
255.00 162.00
267.00 162.00
10.00 163.00
34.00 163.00
59.00 163.00
83.00 163.00
108.00 163.00
132.00 163.00
157.00 163.00
181.00 163.00
206.00 163.00
230.00 163.00
255.00 163.00
267.00 163.00
10.00 164.00
34.00 164.00
59.00 164.00
83.00 164.00
108.00 164.00
132.00 164.00
157.00 164.00
181.00 164.00
206.00 164.00
230.00 164.00
255.00 164.00
267.00 164.00
10.00 165.00
34.00 165.00
59.00 165.00
83.00 165.00
108.00 165.00
132.00 165.00
157.00 165.00
181.00 165.00
206.00 165.00
230.00 165.00
255.00 165.00
10.00 166.00
34.00 166.00
59.00 166.00
83.00 166.00
108.00 166.00
132.00 166.00
157.00 166.00
181.00 166.00
206.00 166.00
230.00 166.00
255.00 166.00
10.00 167.00
34.00 167.00
59.00 167.00
83.00 167.00
108.00 167.00
132.00 167.00
157.00 167.00
181.00 167.00
206.00 167.00
230.00 167.00
255.00 167.00
10.00 168.00
34.00 168.00
59.00 168.00
83.00 168.00
108.00 168.00
132.00 168.00
156.00 168.00
181.00 168.00
206.00 168.00
230.00 168.00
255.00 168.00
267.00 168.00
10.00 169.00
34.00 169.00
59.00 169.00
83.00 169.00
108.00 169.00
132.00 169.00
156.00 169.00
181.00 169.00
206.00 169.00
230.00 169.00
255.00 169.00
267.00 169.00
10.00 170.00
34.00 170.00
59.00 170.00
83.00 170.00
108.00 170.00
132.00 170.00
156.00 170.00
181.00 170.00
206.00 170.00
230.00 170.00
255.00 170.00
267.00 170.00
10.00 171.00
34.00 171.00
59.00 171.00
83.00 171.00
108.00 171.00
132.00 171.00
156.00 171.00
181.00 171.00
206.00 171.00
230.00 171.00
255.00 171.00
267.00 171.00
10.00 172.00
34.00 172.00
59.00 172.00
83.00 172.00
108.00 172.00
132.00 172.00
156.00 172.00
181.00 172.00
206.00 172.00
230.00 172.00
255.00 172.00
10.00 173.00
34.00 173.00
59.00 173.00
83.00 173.00
108.00 173.00
132.00 173.00
156.00 173.00
181.00 173.00
206.00 173.00
230.00 173.00
255.00 173.00
10.00 174.00
34.00 174.00
58.00 174.00
83.00 174.00
108.00 174.00
132.00 174.00
156.00 174.00
181.00 174.00
206.00 174.00
230.00 174.00
255.00 174.00
10.00 175.00
34.00 175.00
58.00 175.00
83.00 175.00
108.00 175.00
132.00 175.00
156.00 175.00
181.00 175.00
206.00 175.00
230.00 175.00
255.00 175.00
10.00 176.00
34.00 176.00
58.00 176.00
84.00 176.00
108.00 176.00
132.00 176.00
156.00 176.00
181.00 176.00
206.00 176.00
230.00 176.00
255.00 176.00
10.00 177.00
34.00 177.00
58.00 177.00
84.00 177.00
108.00 177.00
132.00 177.00
156.00 177.00
181.00 177.00
206.00 177.00
230.00 177.00
255.00 177.00
267.00 177.00
10.00 178.00
34.00 178.00
58.00 178.00
84.00 178.00
108.00 178.00
132.00 178.00
156.00 178.00
181.00 178.00
206.00 178.00
230.00 178.00
255.00 178.00
267.00 178.00
10.00 179.00
34.00 179.00
58.00 179.00
83.00 179.00
108.00 179.00
132.00 179.00
156.00 179.00
181.00 179.00
206.00 179.00
230.00 179.00
255.00 179.00
267.00 179.00
10.00 180.00
34.00 180.00
58.00 180.00
83.00 180.00
108.00 180.00
132.00 180.00
156.00 180.00
181.00 180.00
206.00 180.00
230.00 180.00
255.00 180.00
267.00 180.00
9.00 181.00
34.00 181.00
58.00 181.00
83.00 181.00
108.00 181.00
132.00 181.00
156.00 181.00
181.00 181.00
206.00 181.00
230.00 181.00
255.00 181.00
267.00 181.00
9.00 182.00
34.00 182.00
58.00 182.00
83.00 182.00
108.00 182.00
132.00 182.00
156.00 182.00
181.00 182.00
206.00 182.00
230.00 182.00
255.00 182.00
267.00 182.00
9.00 183.00
34.00 183.00
59.00 183.00
83.00 183.00
108.00 183.00
132.00 183.00
156.00 183.00
181.00 183.00
205.00 183.00
230.00 183.00
255.00 183.00
267.00 183.00
9.00 184.00
34.00 184.00
59.00 184.00
83.00 184.00
108.00 184.00
132.00 184.00
156.00 184.00
181.00 184.00
205.00 184.00
230.00 184.00
255.00 184.00
9.00 185.00
34.00 185.00
59.00 185.00
83.00 185.00
108.00 185.00
132.00 185.00
156.00 185.00
181.00 185.00
205.00 185.00
230.00 185.00
255.00 185.00
9.00 186.00
34.00 186.00
59.00 186.00
83.00 186.00
108.00 186.00
132.00 186.00
156.00 186.00
181.00 186.00
205.00 186.00
230.00 186.00
254.00 186.00
9.00 187.00
34.00 187.00
59.00 187.00
83.00 187.00
108.00 187.00
132.00 187.00
156.00 187.00
181.00 187.00
205.00 187.00
230.00 187.00
254.00 187.00
9.00 188.00
34.00 188.00
59.00 188.00
83.00 188.00
108.00 188.00
132.00 188.00
156.00 188.00
181.00 188.00
205.00 188.00
230.00 188.00
254.00 188.00
9.00 189.00
34.00 189.00
59.00 189.00
83.00 189.00
108.00 189.00
132.00 189.00
156.00 189.00
181.00 189.00
205.00 189.00
230.00 189.00
254.00 189.00
9.00 190.00
34.00 190.00
59.00 190.00
83.00 190.00
108.00 190.00
132.00 190.00
156.00 190.00
181.00 190.00
205.00 190.00
230.00 190.00
254.00 190.00
9.00 191.00
34.00 191.00
59.00 191.00
83.00 191.00
108.00 191.00
132.00 191.00
156.00 191.00
181.00 191.00
205.00 191.00
230.00 191.00
254.00 191.00
267.00 191.00
9.00 192.00
34.00 192.00
59.00 192.00
83.00 192.00
108.00 192.00
132.00 192.00
156.00 192.00
181.00 192.00
205.00 192.00
230.00 192.00
254.00 192.00
267.00 192.00
9.00 193.00
34.00 193.00
59.00 193.00
83.00 193.00
108.00 193.00
132.00 193.00
156.00 193.00
181.00 193.00
205.00 193.00
230.00 193.00
254.00 193.00
267.00 193.00
9.00 194.00
34.00 194.00
59.00 194.00
83.00 194.00
108.00 194.00
132.00 194.00
156.00 194.00
181.00 194.00
205.00 194.00
230.00 194.00
254.00 194.00
267.00 194.00
9.00 195.00
34.00 195.00
59.00 195.00
83.00 195.00
108.00 195.00
132.00 195.00
156.00 195.00
181.00 195.00
205.00 195.00
230.00 195.00
254.00 195.00
267.00 195.00
9.00 196.00
34.00 196.00
59.00 196.00
83.00 196.00
108.00 196.00
132.00 196.00
156.00 196.00
181.00 196.00
205.00 196.00
230.00 196.00
254.00 196.00
267.00 196.00
9.00 197.00
34.00 197.00
59.00 197.00
83.00 197.00
108.00 197.00
132.00 197.00
157.00 197.00
181.00 197.00
205.00 197.00
230.00 197.00
254.00 197.00
267.00 197.00
10.00 198.00
34.00 198.00
58.00 198.00
83.00 198.00
108.00 198.00
132.00 198.00
157.00 198.00
181.00 198.00
205.00 198.00
230.00 198.00
254.00 198.00
267.00 198.00
10.00 199.00
34.00 199.00
58.00 199.00
83.00 199.00
108.00 199.00
132.00 199.00
157.00 199.00
181.00 199.00
205.00 199.00
230.00 199.00
254.00 199.00
267.00 199.00
10.00 200.00
34.00 200.00
58.00 200.00
83.00 200.00
108.00 200.00
132.00 200.00
157.00 200.00
181.00 200.00
205.00 200.00
230.00 200.00
255.00 200.00
267.00 200.00
10.00 201.00
34.00 201.00
58.00 201.00
83.00 201.00
108.00 201.00
132.00 201.00
157.00 201.00
181.00 201.00
205.00 201.00
230.00 201.00
255.00 201.00
267.00 201.00
10.00 202.00
34.00 202.00
58.00 202.00
83.00 202.00
108.00 202.00
132.00 202.00
157.00 202.00
181.00 202.00
205.00 202.00
230.00 202.00
255.00 202.00
267.00 202.00
10.00 203.00
34.00 203.00
58.00 203.00
83.00 203.00
108.00 203.00
132.00 203.00
157.00 203.00
181.00 203.00
205.00 203.00
230.00 203.00
255.00 203.00
9.00 204.00
34.00 204.00
58.00 204.00
83.00 204.00
108.00 204.00
132.00 204.00
157.00 204.00
181.00 204.00
205.00 204.00
230.00 204.00
255.00 204.00
9.00 205.00
34.00 205.00
58.00 205.00
83.00 205.00
108.00 205.00
132.00 205.00
157.00 205.00
181.00 205.00
206.00 205.00
230.00 205.00
254.00 205.00
9.00 206.00
34.00 206.00
58.00 206.00
83.00 206.00
108.00 206.00
132.00 206.00
156.00 206.00
181.00 206.00
206.00 206.00
230.00 206.00
254.00 206.00
9.00 207.00
34.00 207.00
58.00 207.00
83.00 207.00
108.00 207.00
132.00 207.00
156.00 207.00
181.00 207.00
205.00 207.00
206.00 207.00
230.00 207.00
254.00 207.00
9.00 208.00
34.00 208.00
59.00 208.00
83.00 208.00
108.00 208.00
132.00 208.00
156.00 208.00
181.00 208.00
203.00 208.00
204.00 208.00
207.00 208.00
228.00 208.00
229.00 208.00
254.00 208.00
9.00 209.00
34.00 209.00
59.00 209.00
83.00 209.00
108.00 209.00
132.00 209.00
156.00 209.00
182.00 209.00
183.00 209.00
184.00 209.00
208.00 209.00
226.00 209.00
227.00 209.00
230.00 209.00
254.00 209.00
9.00 210.00
34.00 210.00
59.00 210.00
83.00 210.00
108.00 210.00
132.00 210.00
156.00 210.00
181.00 210.00
185.00 210.00
209.00 210.00
224.00 210.00
225.00 210.00
231.00 210.00
254.00 210.00
9.00 211.00
34.00 211.00
59.00 211.00
83.00 211.00
108.00 211.00
132.00 211.00
156.00 211.00
180.00 211.00
186.00 211.00
210.00 211.00
211.00 211.00
212.00 211.00
215.00 211.00
216.00 211.00
217.00 211.00
218.00 211.00
219.00 211.00
220.00 211.00
221.00 211.00
222.00 211.00
223.00 211.00
232.00 211.00
254.00 211.00
9.00 212.00
34.00 212.00
59.00 212.00
83.00 212.00
108.00 212.00
132.00 212.00
156.00 212.00
180.00 212.00
187.00 212.00
188.00 212.00
213.00 212.00
214.00 212.00
233.00 212.00
10.00 213.00
34.00 213.00
59.00 213.00
83.00 213.00
108.00 213.00
132.00 213.00
156.00 213.00
179.00 213.00
189.00 213.00
190.00 213.00
234.00 213.00
10.00 214.00
34.00 214.00
59.00 214.00
83.00 214.00
108.00 214.00
132.00 214.00
156.00 214.00
179.00 214.00
191.00 214.00
235.00 214.00
10.00 215.00
34.00 215.00
59.00 215.00
83.00 215.00
108.00 215.00
132.00 215.00
156.00 215.00
179.00 215.00
192.00 215.00
236.00 215.00
10.00 216.00
34.00 216.00
59.00 216.00
83.00 216.00
108.00 216.00
132.00 216.00
156.00 216.00
179.00 216.00
191.00 216.00
10.00 217.00
34.00 217.00
59.00 217.00
83.00 217.00
108.00 217.00
132.00 217.00
156.00 217.00
179.00 217.00
191.00 217.00
9.00 218.00
34.00 218.00
59.00 218.00
83.00 218.00
108.00 218.00
132.00 218.00
156.00 218.00
179.00 218.00
191.00 218.00
9.00 219.00
34.00 219.00
59.00 219.00
83.00 219.00
108.00 219.00
132.00 219.00
156.00 219.00
179.00 219.00
191.00 219.00
9.00 220.00
34.00 220.00
59.00 220.00
83.00 220.00
108.00 220.00
132.00 220.00
156.00 220.00
179.00 220.00
191.00 220.00
9.00 221.00
34.00 221.00
59.00 221.00
83.00 221.00
108.00 221.00
132.00 221.00
157.00 221.00
179.00 221.00
192.00 221.00
193.00 221.00
9.00 222.00
34.00 222.00
59.00 222.00
83.00 222.00
108.00 222.00
132.00 222.00
157.00 222.00
179.00 222.00
191.00 222.00
194.00 222.00
9.00 223.00
34.00 223.00
59.00 223.00
83.00 223.00
108.00 223.00
132.00 223.00
157.00 223.00
179.00 223.00
190.00 223.00
195.00 223.00
196.00 223.00
197.00 223.00
198.00 223.00
199.00 223.00
200.00 223.00
201.00 223.00
202.00 223.00
203.00 223.00
204.00 223.00
9.00 224.00
34.00 224.00
59.00 224.00
83.00 224.00
107.00 224.00
132.00 224.00
157.00 224.00
179.00 224.00
190.00 224.00
9.00 225.00
34.00 225.00
59.00 225.00
83.00 225.00
107.00 225.00
132.00 225.00
156.00 225.00
179.00 225.00
189.00 225.00
9.00 226.00
34.00 226.00
59.00 226.00
83.00 226.00
107.00 226.00
132.00 226.00
156.00 226.00
179.00 226.00
189.00 226.00
9.00 227.00
34.00 227.00
59.00 227.00
83.00 227.00
107.00 227.00
132.00 227.00
156.00 227.00
179.00 227.00
9.00 228.00
34.00 228.00
58.00 228.00
83.00 228.00
107.00 228.00
132.00 228.00
156.00 228.00
179.00 228.00
9.00 229.00
34.00 229.00
58.00 229.00
83.00 229.00
107.00 229.00
132.00 229.00
156.00 229.00
9.00 230.00
34.00 230.00
58.00 230.00
83.00 230.00
107.00 230.00
132.00 230.00
156.00 230.00
9.00 231.00
34.00 231.00
58.00 231.00
83.00 231.00
107.00 231.00
132.00 231.00
156.00 231.00
9.00 232.00
34.00 232.00
58.00 232.00
83.00 232.00
107.00 232.00
132.00 232.00
156.00 232.00
9.00 233.00
34.00 233.00
58.00 233.00
83.00 233.00
107.00 233.00
132.00 233.00
156.00 233.00
9.00 234.00
34.00 234.00
58.00 234.00
83.00 234.00
107.00 234.00
132.00 234.00
156.00 234.00
9.00 235.00
34.00 235.00
58.00 235.00
83.00 235.00
107.00 235.00
132.00 235.00
9.00 236.00
34.00 236.00
58.00 236.00
83.00 236.00
107.00 236.00
132.00 236.00
4.00 237.00
5.00 237.00
6.00 237.00
7.00 237.00
8.00 237.00
9.00 237.00
10.00 237.00
11.00 237.00
12.00 237.00
13.00 237.00
14.00 237.00
29.00 237.00
30.00 237.00
31.00 237.00
32.00 237.00
33.00 237.00
34.00 237.00
35.00 237.00
36.00 237.00
37.00 237.00
38.00 237.00
53.00 237.00
54.00 237.00
55.00 237.00
56.00 237.00
57.00 237.00
58.00 237.00
59.00 237.00
60.00 237.00
61.00 237.00
62.00 237.00
63.00 237.00
78.00 237.00
79.00 237.00
80.00 237.00
81.00 237.00
82.00 237.00
83.00 237.00
84.00 237.00
85.00 237.00
86.00 237.00
87.00 237.00
102.00 237.00
103.00 237.00
104.00 237.00
105.00 237.00
106.00 237.00
107.00 237.00
108.00 237.00
109.00 237.00
110.00 237.00
111.00 237.00
127.00 237.00
128.00 237.00
129.00 237.00
130.00 237.00
131.00 237.00
132.00 237.00
133.00 237.00
134.00 237.00
135.00 237.00
136.00 237.00
