258.022 13.538
258.021 13.512
257.949 13.462
258.060 13.437
258.078 13.411
232.859 35.691
232.969 35.667
232.987 35.641
232.985 35.615
233.030 35.564
250.098 19.154
232.971 35.538
232.982 35.513
249.934 19.103
226.466 42.650
233.009 35.487
226.469 43.650
233.007 35.462
232.965 41.590
232.979 35.410
233.017 40.513
232.984 40.487
232.996 41.487
233.002 41.462
232.980 35.282
232.986 42.436
232.996 35.231
200.536 68.786
200.482 75.915
200.459 75.888
200.737 68.661
207.822 65.558
201.960 69.511
176.298 86.882
201.126 68.439
11.988 80.667
184.146 83.742
201.100 70.412
183.996 83.718
201.169 70.388
184.000 83.692
201.234 71.391
184.000 83.667
184.079 83.640
201.235 72.337
184.177 83.585
11.984 80.487
184.084 83.563
11.969 80.462
36.109 97.897
184.026 83.538
11.931 80.437
36.159 97.871
183.983 84.538
11.873 80.413
36.211 97.845
158.899 99.897
183.975 84.512
12.003 85.513
35.964 97.820
158.609 99.867
12.013 85.487
158.388 99.833
11.978 87.512
158.640 99.815
12.030 87.488
35.889 96.717
151.350 97.722
158.962 99.795
184.148 84.413
12.099 87.465
35.913 96.692
151.416 97.698
158.980 99.769
184.179 84.388
12.092 87.438
36.103 97.692
184.253 84.365
12.040 87.410
36.329 98.685
159.153 97.665
12.113 87.386
36.063 97.641
159.147 97.639
183.077 89.437
102.171 109.883
158.952 99.666
183.055 89.411
85.116 108.845
158.962 99.641
182.887 89.386
12.086 87.308
36.059 97.563
159.055 97.564
183.470 85.271
36.048 97.538
134.432 108.808
159.025 97.538
183.435 85.246
36.019 97.512
134.519 108.785
158.996 99.564
183.729 85.208
158.996 99.538
184.037 84.154
158.997 99.513
177.481 91.323
183.000 89.256
77.061 111.757
134.843 109.742
158.989 100.513
177.498 92.324
182.992 89.231
76.744 112.728
158.987 101.513
76.968 112.720
135.114 109.691
159.009 101.487
135.045 109.667
159.018 100.436
176.417 86.087
36.981 98.359
60.993 104.513
135.057 109.641
158.966 100.410
61.013 104.487
135.101 109.614
158.851 100.387
61.039 104.462
77.995 108.564
135.106 109.588
158.781 100.363
30.458 99.321
60.963 109.564
78.104 108.535
135.083 109.563
158.860 100.335
60.989 109.538
78.112 109.534
135.043 109.538
159.013 99.282
36.875 98.231
60.991 109.513
78.017 109.513
135.004 109.513
36.743 98.208
61.009 109.487
78.013 110.513
86.023 109.488
135.005 109.487
61.006 109.462
78.012 108.436
86.075 109.463
135.039 109.462
158.789 100.233
60.984 113.538
78.080 108.411
135.121 109.439
158.262 100.228
60.992 113.513
78.144 108.387
158.198 100.205
60.995 113.487
77.774 117.583
135.222 109.390
158.794 100.155
134.114 108.334
78.165 108.309
134.065 108.308
78.022 108.282
109.993 117.513
134.280 109.313
110.013 117.487
79.257 113.365
110.016 118.487
110.050 118.462
110.074 118.437
110.083 118.411
128.469 112.331
