Total matched pairs: 1
Pair 1:
Left Line:
1237,1759
1237,1760
1237,1760
1236,1760
1236,1760
1236,1760
1235,1760
1235,1760
1234,1760
1234,1760
1233,1760
1232,1761
1232,1761
1231,1761
1231,1761
1230,1761
1229,1761
1229,1761
1228,1761
1227,1761
1227,1761
1226,1761
1226,1761
1225,1761
1224,1761
1224,1761
1223,1761
1222,1761
1222,1761
1221,1761
1221,1761
1220,1761
1220,1761
1219,1762
1219,1762
1219,1762
1218,1762
1218,1763
1217,1763
1217,1763
1217,1764
1217,1764
1217,1764
1217,1765
1216,1765
1216,1766
1216,1767
1216,1767
1216,1768
1216,1768
1216,1769
1216,1769
1216,1770
1216,1770
1217,1771
1217,1772
1217,1772
1217,1773
1217,1773
1217,1774
1217,1774
1217,1775
1217,1775
1217,1776
1217,1776
1217,1777
1216,1777
1216,1778
1216,1779
1216,1779
1216,1780
1216,1780
1216,1781
1216,1781
1216,1782
1216,1782
1216,1783
1216,1783
1217,1784
1217,1785
1217,1785
1217,1786
1217,1786
1217,1787
1217,1787
1217,1788
1216,1788
1216,1789
1216,1789
1216,1790
1215,1791
1215,1791
1216,1791
1217,1791
1217,1790
1218,1790
1219,1790
1220,1790
1220,1790
1221,1790
1221,1791
1221,1791
1222,1791
1222,1791
1222,1792
1222,1792
1222,1793
1222,1793
1222,1794
1222,1794
1222,1795
1222,1795
1222,1796
1222,1796
1222,1797
1222,1797
1222,1798
1222,1799
1222,1799
1222,1800
1222,1800
1222,1801
1222,1801
1222,1802
1223,1802
1223,1803
1223,1803
1223,1804
1223,1804
1223,1805
1223,1806
1223,1806
1223,1807
1223,1807
1223,1808
1223,1808
1223,1809
1223,1809
1223,1810
1223,1810
1223,1811
1223,1811
1223,1812
1223,1813
1223,1813
1223,1814
1223,1814
1223,1815
1223,1815
1223,1816
1223,1816
1223,1817
1223,1817
1223,1818
1223,1819
1223,1819
1223,1820
1223,1820
1223,1821
1223,1821
1223,1822
1223,1822
1223,1823
1223,1823
1223,1824
1223,1824
1223,1825
1223,1826
1223,1826
1223,1827
1223,1827
1223,1828
1223,1828
1223,1829
1223,1829
1223,1830
1223,1830
1223,1831
1223,1831
1223,1832
1223,1833
1223,1833
1223,1834
1223,1834
1223,1835
1223,1835
1223,1836
1223,1836
1223,1837
1223,1837
1223,1838
1223,1839
1223,1839
1223,1840
1222,1840
1222,1841
1222,1841
1222,1842
1222,1842
1222,1843
1222,1843
1222,1844
1222,1844
1222,1845
1222,1846
1222,1846
1222,1847
1222,1847
1222,1848
1222,1848
1222,1849
1222,1849
1222,1850
1222,1850
1222,1851
1222,1851
1222,1852
1222,1853
1222,1853
1222,1854
1222,1854
1222,1855
1222,1855
1222,1856
1222,1856
1222,1857
1222,1857
1222,1858
1222,1858
1222,1859
1222,1860
1222,1860
1222,1861
1222,1861
1222,1862
1222,1862
1222,1863
1222,1863
1222,1864
1222,1864
1222,1865
1222,1866
1222,1866
1222,1867
1222,1867
1222,1868
1222,1868
1222,1869
1222,1869
1222,1870
1222,1870
1222,1871
1222,1871
1222,1872
1222,1873
1222,1873
1222,1874
1222,1874
1222,1875
1222,1875
1222,1876
1222,1876
1222,1877
1222,1877
1222,1878
1222,1878
1222,1879
1222,1880
1222,1880
1222,1881
1222,1881
1222,1882
1222,1882
1222,1883
1222,1883
1222,1884
1222,1884
1222,1885
1222,1886
1222,1886
1222,1887
1222,1887
1222,1888
1222,1888
1222,1889
1222,1889
1222,1890
1222,1890
1222,1891
1222,1891
1222,1892
1222,1893
1222,1893
1222,1894
1222,1894
1222,1895
1222,1895
1222,1896
1222,1896
1222,1897
1222,1897
1222,1898
1222,1898
1223,1899
1223,1900
1223,1900
1223,1901
1223,1901
1223,1902
1223,1902
1223,1903
1223,1903
1223,1904
1223,1904
1223,1905
1223,1905
1223,1906
1223,1907
1223,1907
1223,1908
1223,1908
1223,1909
1223,1909
1223,1910
1223,1910
1223,1911
1223,1911
1223,1912
1223,1913
1223,1913
1223,1914
1223,1914
1223,1915
1223,1915
1223,1916
1223,1916
1223,1917
1223,1917
1223,1918
1223,1918
1223,1919
1223,1920
1223,1920
1223,1921
1223,1921
1223,1922
1223,1922
1223,1923
1223,1923
1223,1924
1223,1924
1223,1925
1223,1925
1223,1926
1223,1927
1223,1927
1223,1928
1223,1928
1223,1929
1223,1929
1223,1930
1223,1930
1223,1931
1223,1931
1223,1932
1223,1933
1223,1933
1223,1934
1223,1934
1223,1935
1223,1935
1223,1936
1223,1936
1223,1937
1223,1937
1223,1938
1223,1938
1223,1939
1223,1940
1223,1940
1223,1941
1223,1941
1223,1942
1223,1942
1223,1943
1223,1943
1223,1944
1223,1944
1223,1945
1223,1945
1223,1946
1223,1947
1223,1947
1223,1948
1223,1948
1223,1949
1223,1949
1223,1950
1223,1950
1223,1951
1223,1951
1223,1952
1223,1952
1223,1953
1223,1954
1223,1954
1223,1955
1223,1955
1223,1956
1223,1956
1223,1957
1223,1957
1223,1958
1223,1958
1223,1959
1223,1960
1223,1960
1223,1961
1223,1961
1223,1962
1223,1962
1223,1963
1223,1963
1223,1964
1223,1964
1223,1965
1223,1965
1223,1966
1223,1967
1223,1967
1223,1968
1223,1968
1223,1969
1223,1969
1223,1970
1223,1970
1223,1971
1223,1971
1223,1972
1222,1972
1222,1973
1222,1974
1222,1974
1222,1975
1222,1975
1222,1976
1222,1976
1222,1977
1222,1977
1222,1978
1222,1978
1222,1979
1222,1980
1222,1980
1222,1981
1222,1981
1222,1982
1222,1982
1222,1983
1222,1983
1222,1984
1222,1984
1222,1985
1222,1985
1222,1986
1222,1987
1222,1987
1222,1988
1222,1988
1222,1989
1222,1989
1222,1990
1222,1990
1222,1991
1222,1991
1222,1992
1222,1992
1222,1993
1222,1994
1222,1994
1222,1995
1222,1995
1222,1996
1222,1996
1222,1997
1222,1997
1222,1998
1222,1998
1222,1999
1222,1999
1222,2000
1222,2001
1222,2001
1222,2002
1222,2002
1222,2003
1222,2003
1222,2004
1222,2004
1222,2005
1222,2005
1222,2006
1222,2007
1222,2007
1222,2008
1222,2008
1222,2009
1222,2009
1222,2010
1222,2010
1222,2011
1222,2011
1222,2012
1222,2012
1222,2013
1222,2014
1222,2014
1222,2015
1222,2015
1222,2016
1222,2016
1222,2017
1222,2017
1222,2018
1222,2018
1222,2019
1222,2019
1222,2020
1222,2021
1222,2021
1222,2022
1222,2022
1222,2023
1222,2023
1222,2024
1222,2024
1222,2025
1222,2025
1222,2026
1222,2027
1222,2027
1222,2028
1222,2028
1222,2029
1222,2029
1222,2030
1222,2030
1222,2031
1223,2031
1223,2032
1223,2032
1223,2033
1223,2034
1223,2034
1223,2035
1223,2035
1223,2036
1223,2036
1223,2037
1223,2037
1223,2038
1223,2038
1223,2039
1223,2039
1223,2040
1223,2041
1223,2041
1223,2042
1223,2042
1223,2043
1223,2043
1223,2044
1223,2044
1223,2045
1223,2045
1223,2046
Right Line:
1260,1744
1259,1744
1259,1744
1258,1745
1258,1745
1257,1746
1257,1746
1257,1746
1257,1747
1257,1747
1257,1748
1257,1748
1257,1749
1257,1749
1257,1750
1257,1750
1257,1751
1257,1751
1257,1752
1258,1753
1258,1753
1258,1754
1258,1754
1257,1755
1257,1755
1257,1756
1257,1756
1257,1757
1257,1757
1256,1758
1256,1758
1255,1758
1255,1759
1254,1759
1254,1759
1253,1759
1253,1760
1252,1760
1252,1760
1251,1760
1251,1760
1251,1761
1251,1761
1251,1761
1251,1762
1251,1762
1251,1763
1252,1763
1252,1763
1253,1764
1253,1764
1254,1765
1255,1765
1255,1766
1256,1766
1256,1767
1257,1767
1257,1768
1258,1768
1258,1769
1258,1769
1258,1770
1258,1770
1258,1770
1258,1771
1258,1771
1257,1771
1257,1772
1256,1772
1256,1772
1255,1773
1255,1773
1254,1773
1254,1773
1253,1774
1253,1774
1252,1774
1252,1774
1251,1775
1251,1775
1250,1775
1250,1776
1249,1776
1249,1776
1248,1776
1248,1777
1247,1777
1247,1777
1246,1777
1246,1778
1245,1778
1245,1778
1244,1778
1244,1779
1243,1779
1243,1779
1242,1780
1242,1780
1241,1780
1241,1780
1240,1781
1240,1781
1239,1781
1239,1781
1238,1782
1238,1782
1237,1782
1237,1783
1236,1783
1236,1783
1235,1783
1235,1784
1234,1784
1234,1784
1234,1785
1233,1785
1233,1786
1232,1786
1232,1786
1232,1787
1231,1787
1231,1787
1231,1788
1230,1788
1230,1789
1230,1789
1230,1790
1230,1790
1229,1791
1229,1791
1229,1791
1228,1792
1228,1792
1227,1792
1227,1792
1226,1792
1226,1792
1225,1792
1224,1792
1224,1792
1224,1793
1223,1793
1223,1793
1223,1793
1223,1794
1222,1794
1222,1795
1222,1795
1222,1796
1222,1797
1222,1797
1222,1798
1222,1798
1222,1799
1222,1799
1222,1800
1223,1801
1223,1801
1223,1802
1223,1802
1223,1803
1223,1804
1223,1804
1223,1805
1223,1805
1223,1806
1223,1806
1223,1807
1223,1807
1223,1808
1223,1809
1223,1809
1223,1810
1223,1810
1223,1811
1223,1811
1223,1812
1223,1813
1222,1813
1222,1814
1222,1814
1222,1815
1222,1815
1222,1816
1222,1816
1222,1817
1222,1818
1222,1818
1222,1819
1222,1819
1222,1820
1222,1820
1222,1821
1222,1822
1222,1822
1222,1823
1222,1823
1222,1824
1222,1824
1222,1825
1222,1826
1222,1826
1222,1827
1222,1827
1222,1828
1222,1828
1222,1829
1222,1830
1222,1830
1222,1831
1222,1831
1222,1832
1222,1832
1222,1833
1222,1833
1222,1834
1222,1835
1222,1835
1222,1836
1222,1836
1222,1837
1222,1837
1222,1838
1222,1839
1222,1839
1222,1840
1222,1840
1222,1841
1222,1841
1222,1842
1222,1843
1223,1843
1223,1844
1223,1844
1223,1845
1223,1845
1223,1846
1223,1847
1223,1847
1223,1848
1223,1848
1223,1849
1223,1849
1223,1850
1223,1850
1223,1851
1223,1852
1223,1852
1223,1853
1223,1853
1223,1854
1223,1854
1223,1855
1223,1856
1223,1856
1223,1857
1223,1857
1223,1858
1223,1858
1223,1859
1223,1860
1223,1860
1223,1861
1223,1861
1223,1862
1223,1862
1223,1863
1223,1864
1223,1864
1223,1865
1223,1865
1223,1866
1223,1866
1223,1867
1223,1867
1223,1868
1223,1869
1223,1869
1223,1870
1223,1870
1223,1871
1223,1871
1223,1872
1223,1873
1223,1873
1223,1874
1223,1874
1223,1875
1223,1875
1223,1876
1223,1877
1223,1877
1223,1878
1223,1878
1223,1879
1223,1879
1223,1880
1223,1881
1223,1881
1223,1882
1223,1882
1223,1883
1223,1883
1223,1884
1223,1884
1223,1885
1223,1886
1223,1886
1223,1887
1223,1887
1223,1888
1223,1888
1223,1889
1223,1890
1223,1890
1223,1891
1223,1891
1223,1892
1223,1892
1223,1893
1223,1894
1223,1894
1223,1895
1223,1895
1223,1896
1223,1896
1223,1897
1223,1898
1223,1898
1222,1899
1222,1899
1222,1900
1222,1900
1222,1901
1222,1901
1222,1902
1222,1903
1222,1903
1222,1904
1222,1904
1222,1905
1222,1905
1222,1906
1222,1907
1222,1907
1222,1908
1222,1908
1222,1909
1222,1909
1222,1910
1222,1911
1222,1911
1222,1912
1222,1912
1222,1913
1222,1913
1222,1914
1222,1914
1222,1915
1222,1916
1222,1916
1222,1917
1222,1917
1222,1918
1222,1918
1222,1919
1222,1920
1222,1920
1222,1921
1222,1921
1222,1922
1222,1922
1222,1923
1222,1924
1222,1924
1222,1925
1222,1925
1222,1926
1222,1926
1222,1927
1222,1928
1222,1928
1222,1929
1222,1929
1222,1930
1222,1930
1222,1931
1222,1931
1222,1932
1222,1933
1222,1933
1222,1934
1222,1934
1222,1935
1222,1935
1222,1936
1222,1937
1222,1937
1222,1938
1222,1938
1222,1939
1222,1939
1222,1940
1222,1941
1222,1941
1222,1942
1222,1942
1222,1943
1222,1943
1222,1944
1222,1945
1222,1945
1222,1946
1222,1946
1222,1947
1222,1947
1222,1948
1222,1948
1222,1949
1222,1950
1222,1950
1222,1951
1222,1951
1222,1952
1222,1952
1222,1953
1222,1954
1222,1954
1222,1955
1222,1955
1222,1956
1222,1956
1222,1957
1222,1958
1222,1958
1222,1959
1222,1959
1222,1960
1222,1960
1222,1961
1222,1962
1222,1962
1222,1963
1222,1963
1222,1964
1222,1964
1222,1965
1222,1965
1222,1966
1222,1967
1222,1967
1222,1968
1222,1968
1222,1969
1222,1969
1222,1970
1222,1971
1222,1971
1223,1972
1223,1972
1223,1973
1223,1973
1223,1974
1223,1975
1223,1975
1223,1976
1223,1976
1223,1977
1223,1977
1223,1978
1223,1979
1223,1979
1223,1980
1223,1980
1223,1981
1223,1981
1223,1982
1223,1982
1223,1983
1223,1984
1223,1984
1223,1985
1223,1985
1223,1986
1223,1986
1223,1987
1223,1988
1223,1988
1223,1989
1223,1989
1223,1990
1223,1990
1223,1991
1223,1992
1223,1992
1223,1993
1223,1993
1223,1994
1223,1994
1223,1995
1223,1996
1223,1996
1223,1997
1223,1997
1223,1998
1223,1998
1223,1999
1223,1999
1223,2000
1223,2001
1223,2001
1223,2002
1223,2002
1223,2003
1223,2003
1223,2004
1223,2005
1223,2005
1223,2006
1223,2006
1223,2007
1223,2007
1223,2008
1223,2009
1223,2009
1223,2010
1223,2010
1223,2011
1223,2011
1223,2012
1223,2013
1223,2013
1223,2014
1223,2014
1223,2015
1223,2015
1223,2016
1223,2016
1223,2017
1223,2018
1223,2018
1223,2019
1223,2019
1223,2020
1223,2020
1223,2021
1223,2022
1223,2022
1223,2023
1223,2023
1223,2024
1223,2024
1223,2025
1223,2026
1223,2026
1223,2027
1223,2027
1223,2028
1223,2028
1223,2029
1223,2030
1223,2030
1223,2031
1222,2031
1222,2032
1222,2032
1222,2033
1222,2033
1222,2034
1222,2035
1222,2035
1222,2036
1222,2036
1222,2037
1222,2037
1222,2038
1222,2039
1222,2039
1222,2040
1222,2040
1222,2041
1222,2041
1222,2042
1222,2043
1222,2043
1222,2044
1222,2044
1222,2045
1222,2045
1222,2046

------------------
