329.00 0.00
330.00 0.00
331.00 0.00
332.00 0.00
333.00 0.00
334.00 0.00
335.00 0.00
340.00 0.00
341.00 0.00
342.00 0.00
343.00 0.00
344.00 0.00
345.00 0.00
346.00 0.00
347.00 0.00
348.00 0.00
349.00 0.00
350.00 0.00
351.00 0.00
352.00 0.00
353.00 0.00
354.00 0.00
332.00 1.00
344.00 1.00
354.00 1.00
331.00 2.00
344.00 2.00
332.00 3.00
345.00 3.00
332.00 4.00
345.00 4.00
319.00 5.00
332.00 5.00
345.00 5.00
319.00 6.00
332.00 6.00
345.00 6.00
319.00 7.00
332.00 7.00
345.00 7.00
354.00 7.00
319.00 8.00
332.00 8.00
344.00 8.00
354.00 8.00
319.00 9.00
332.00 9.00
344.00 9.00
354.00 9.00
319.00 10.00
332.00 10.00
344.00 10.00
354.00 10.00
319.00 11.00
332.00 11.00
344.00 11.00
354.00 11.00
319.00 12.00
332.00 12.00
344.00 12.00
354.00 12.00
305.00 13.00
319.00 13.00
332.00 13.00
344.00 13.00
354.00 13.00
305.00 14.00
319.00 14.00
332.00 14.00
344.00 14.00
354.00 14.00
305.00 15.00
319.00 15.00
332.00 15.00
344.00 15.00
354.00 15.00
305.00 16.00
319.00 16.00
332.00 16.00
344.00 16.00
354.00 16.00
305.00 17.00
319.00 17.00
332.00 17.00
344.00 17.00
354.00 17.00
305.00 18.00
319.00 18.00
332.00 18.00
344.00 18.00
354.00 18.00
293.00 19.00
305.00 19.00
319.00 19.00
332.00 19.00
344.00 19.00
354.00 19.00
293.00 20.00
305.00 20.00
319.00 20.00
332.00 20.00
344.00 20.00
354.00 20.00
293.00 21.00
305.00 21.00
318.00 21.00
331.00 21.00
344.00 21.00
354.00 21.00
293.00 22.00
305.00 22.00
318.00 22.00
331.00 22.00
344.00 22.00
354.00 22.00
293.00 23.00
305.00 23.00
318.00 23.00
331.00 23.00
344.00 23.00
354.00 23.00
292.00 24.00
305.00 24.00
318.00 24.00
331.00 24.00
344.00 24.00
354.00 24.00
281.00 25.00
292.00 25.00
305.00 25.00
318.00 25.00
331.00 25.00
344.00 25.00
354.00 25.00
281.00 26.00
292.00 26.00
305.00 26.00
318.00 26.00
331.00 26.00
344.00 26.00
354.00 26.00
281.00 27.00
293.00 27.00
305.00 27.00
318.00 27.00
331.00 27.00
344.00 27.00
354.00 27.00
281.00 28.00
293.00 28.00
305.00 28.00
318.00 28.00
331.00 28.00
344.00 28.00
354.00 28.00
281.00 29.00
293.00 29.00
305.00 29.00
318.00 29.00
331.00 29.00
344.00 29.00
354.00 29.00
281.00 30.00
293.00 30.00
305.00 30.00
319.00 30.00
331.00 30.00
344.00 30.00
354.00 30.00
268.00 31.00
281.00 31.00
293.00 31.00
305.00 31.00
319.00 31.00
331.00 31.00
344.00 31.00
354.00 31.00
268.00 32.00
281.00 32.00
293.00 32.00
305.00 32.00
319.00 32.00
331.00 32.00
344.00 32.00
354.00 32.00
268.00 33.00
281.00 33.00
293.00 33.00
305.00 33.00
318.00 33.00
331.00 33.00
344.00 33.00
354.00 33.00
268.00 34.00
281.00 34.00
293.00 34.00
305.00 34.00
318.00 34.00
331.00 34.00
344.00 34.00
354.00 34.00
268.00 35.00
281.00 35.00
293.00 35.00
305.00 35.00
318.00 35.00
331.00 35.00
343.00 35.00
354.00 35.00
268.00 36.00
281.00 36.00
293.00 36.00
305.00 36.00
318.00 36.00
331.00 36.00
343.00 36.00
354.00 36.00
256.00 37.00
268.00 37.00
281.00 37.00
293.00 37.00
305.00 37.00
318.00 37.00
331.00 37.00
343.00 37.00
354.00 37.00
256.00 38.00
268.00 38.00
281.00 38.00
293.00 38.00
305.00 38.00
318.00 38.00
331.00 38.00
343.00 38.00
354.00 38.00
256.00 39.00
268.00 39.00
281.00 39.00
293.00 39.00
305.00 39.00
318.00 39.00
331.00 39.00
343.00 39.00
354.00 39.00
256.00 40.00
268.00 40.00
281.00 40.00
293.00 40.00
305.00 40.00
318.00 40.00
331.00 40.00
343.00 40.00
354.00 40.00
256.00 41.00
268.00 41.00
281.00 41.00
293.00 41.00
305.00 41.00
318.00 41.00
330.00 41.00
343.00 41.00
354.00 41.00
256.00 42.00
268.00 42.00
281.00 42.00
293.00 42.00
305.00 42.00
318.00 42.00
330.00 42.00
343.00 42.00
354.00 42.00
244.00 43.00
256.00 43.00
268.00 43.00
281.00 43.00
293.00 43.00
305.00 43.00
318.00 43.00
330.00 43.00
343.00 43.00
354.00 43.00
244.00 44.00
256.00 44.00
268.00 44.00
281.00 44.00
293.00 44.00
305.00 44.00
318.00 44.00
330.00 44.00
343.00 44.00
354.00 44.00
244.00 45.00
256.00 45.00
268.00 45.00
281.00 45.00
293.00 45.00
305.00 45.00
318.00 45.00
330.00 45.00
343.00 45.00
354.00 45.00
244.00 46.00
256.00 46.00
268.00 46.00
281.00 46.00
293.00 46.00
306.00 46.00
318.00 46.00
330.00 46.00
343.00 46.00
354.00 46.00
244.00 47.00
256.00 47.00
268.00 47.00
281.00 47.00
293.00 47.00
306.00 47.00
318.00 47.00
330.00 47.00
343.00 47.00
354.00 47.00
244.00 48.00
255.00 48.00
268.00 48.00
281.00 48.00
293.00 48.00
306.00 48.00
318.00 48.00
330.00 48.00
343.00 48.00
354.00 48.00
244.00 49.00
255.00 49.00
268.00 49.00
281.00 49.00
293.00 49.00
306.00 49.00
318.00 49.00
330.00 49.00
342.00 49.00
354.00 49.00
232.00 50.00
244.00 50.00
255.00 50.00
268.00 50.00
281.00 50.00
293.00 50.00
306.00 50.00
318.00 50.00
330.00 50.00
342.00 50.00
354.00 50.00
232.00 51.00
244.00 51.00
255.00 51.00
268.00 51.00
281.00 51.00
293.00 51.00
306.00 51.00
318.00 51.00
330.00 51.00
342.00 51.00
354.00 51.00
232.00 52.00
244.00 52.00
255.00 52.00
268.00 52.00
281.00 52.00
293.00 52.00
306.00 52.00
318.00 52.00
330.00 52.00
342.00 52.00
354.00 52.00
232.00 53.00
244.00 53.00
255.00 53.00
268.00 53.00
281.00 53.00
293.00 53.00
306.00 53.00
318.00 53.00
330.00 53.00
342.00 53.00
354.00 53.00
232.00 54.00
244.00 54.00
255.00 54.00
268.00 54.00
281.00 54.00
293.00 54.00
306.00 54.00
318.00 54.00
330.00 54.00
342.00 54.00
354.00 54.00
232.00 55.00
244.00 55.00
255.00 55.00
268.00 55.00
281.00 55.00
293.00 55.00
305.00 55.00
318.00 55.00
330.00 55.00
342.00 55.00
354.00 55.00
220.00 56.00
232.00 56.00
244.00 56.00
255.00 56.00
268.00 56.00
281.00 56.00
293.00 56.00
305.00 56.00
318.00 56.00
330.00 56.00
342.00 56.00
354.00 56.00
220.00 57.00
232.00 57.00
244.00 57.00
255.00 57.00
268.00 57.00
281.00 57.00
293.00 57.00
305.00 57.00
318.00 57.00
330.00 57.00
342.00 57.00
354.00 57.00
220.00 58.00
232.00 58.00
244.00 58.00
255.00 58.00
268.00 58.00
281.00 58.00
293.00 58.00
305.00 58.00
318.00 58.00
330.00 58.00
342.00 58.00
354.00 58.00
220.00 59.00
232.00 59.00
244.00 59.00
255.00 59.00
268.00 59.00
281.00 59.00
293.00 59.00
305.00 59.00
318.00 59.00
330.00 59.00
342.00 59.00
354.00 59.00
220.00 60.00
232.00 60.00
244.00 60.00
255.00 60.00
268.00 60.00
281.00 60.00
293.00 60.00
305.00 60.00
318.00 60.00
330.00 60.00
342.00 60.00
354.00 60.00
209.00 61.00
220.00 61.00
232.00 61.00
243.00 61.00
255.00 61.00
268.00 61.00
281.00 61.00
293.00 61.00
305.00 61.00
318.00 61.00
330.00 61.00
342.00 61.00
354.00 61.00
209.00 62.00
220.00 62.00
232.00 62.00
243.00 62.00
255.00 62.00
267.00 62.00
281.00 62.00
293.00 62.00
305.00 62.00
318.00 62.00
330.00 62.00
342.00 62.00
354.00 62.00
209.00 63.00
220.00 63.00
232.00 63.00
243.00 63.00
255.00 63.00
267.00 63.00
281.00 63.00
293.00 63.00
305.00 63.00
318.00 63.00
330.00 63.00
342.00 63.00
354.00 63.00
209.00 64.00
220.00 64.00
232.00 64.00
243.00 64.00
255.00 64.00
267.00 64.00
281.00 64.00
293.00 64.00
305.00 64.00
318.00 64.00
330.00 64.00
342.00 64.00
354.00 64.00
209.00 65.00
220.00 65.00
232.00 65.00
243.00 65.00
255.00 65.00
267.00 65.00
281.00 65.00
293.00 65.00
305.00 65.00
318.00 65.00
330.00 65.00
342.00 65.00
354.00 65.00
209.00 66.00
220.00 66.00
232.00 66.00
243.00 66.00
255.00 66.00
267.00 66.00
281.00 66.00
293.00 66.00
305.00 66.00
318.00 66.00
330.00 66.00
342.00 66.00
354.00 66.00
197.00 67.00
209.00 67.00
220.00 67.00
232.00 67.00
243.00 67.00
255.00 67.00
267.00 67.00
280.00 67.00
293.00 67.00
305.00 67.00
318.00 67.00
330.00 67.00
342.00 67.00
354.00 67.00
197.00 68.00
209.00 68.00
220.00 68.00
232.00 68.00
243.00 68.00
255.00 68.00
267.00 68.00
280.00 68.00
293.00 68.00
305.00 68.00
318.00 68.00
330.00 68.00
342.00 68.00
354.00 68.00
197.00 69.00
209.00 69.00
220.00 69.00
231.00 69.00
243.00 69.00
255.00 69.00
267.00 69.00
280.00 69.00
293.00 69.00
305.00 69.00
318.00 69.00
329.00 69.00
342.00 69.00
354.00 69.00
197.00 70.00
209.00 70.00
220.00 70.00
231.00 70.00
243.00 70.00
255.00 70.00
267.00 70.00
281.00 70.00
293.00 70.00
305.00 70.00
318.00 70.00
329.00 70.00
342.00 70.00
354.00 70.00
197.00 71.00
209.00 71.00
220.00 71.00
231.00 71.00
243.00 71.00
255.00 71.00
267.00 71.00
281.00 71.00
293.00 71.00
305.00 71.00
318.00 71.00
329.00 71.00
342.00 71.00
354.00 71.00
197.00 72.00
209.00 72.00
220.00 72.00
231.00 72.00
243.00 72.00
255.00 72.00
267.00 72.00
281.00 72.00
293.00 72.00
305.00 72.00
318.00 72.00
329.00 72.00
342.00 72.00
354.00 72.00
186.00 73.00
197.00 73.00
209.00 73.00
220.00 73.00
231.00 73.00
243.00 73.00
255.00 73.00
267.00 73.00
281.00 73.00
293.00 73.00
305.00 73.00
318.00 73.00
329.00 73.00
342.00 73.00
354.00 73.00
186.00 74.00
197.00 74.00
209.00 74.00
220.00 74.00
231.00 74.00
243.00 74.00
255.00 74.00
267.00 74.00
281.00 74.00
293.00 74.00
305.00 74.00
318.00 74.00
329.00 74.00
342.00 74.00
354.00 74.00
186.00 75.00
197.00 75.00
209.00 75.00
220.00 75.00
231.00 75.00
243.00 75.00
255.00 75.00
267.00 75.00
281.00 75.00
293.00 75.00
305.00 75.00
318.00 75.00
329.00 75.00
342.00 75.00
354.00 75.00
186.00 76.00
197.00 76.00
209.00 76.00
220.00 76.00
231.00 76.00
243.00 76.00
255.00 76.00
267.00 76.00
281.00 76.00
293.00 76.00
305.00 76.00
318.00 76.00
329.00 76.00
342.00 76.00
354.00 76.00
186.00 77.00
197.00 77.00
209.00 77.00
220.00 77.00
231.00 77.00
243.00 77.00
255.00 77.00
267.00 77.00
281.00 77.00
293.00 77.00
305.00 77.00
318.00 77.00
329.00 77.00
342.00 77.00
354.00 77.00
175.00 78.00
186.00 78.00
197.00 78.00
209.00 78.00
220.00 78.00
231.00 78.00
243.00 78.00
255.00 78.00
267.00 78.00
281.00 78.00
293.00 78.00
305.00 78.00
318.00 78.00
329.00 78.00
342.00 78.00
354.00 78.00
175.00 79.00
186.00 79.00
197.00 79.00
208.00 79.00
219.00 79.00
231.00 79.00
243.00 79.00
255.00 79.00
267.00 79.00
281.00 79.00
293.00 79.00
305.00 79.00
318.00 79.00
329.00 79.00
342.00 79.00
354.00 79.00
175.00 80.00
185.00 80.00
197.00 80.00
208.00 80.00
219.00 80.00
231.00 80.00
243.00 80.00
255.00 80.00
267.00 80.00
280.00 80.00
293.00 80.00
305.00 80.00
318.00 80.00
329.00 80.00
342.00 80.00
354.00 80.00
175.00 81.00
185.00 81.00
197.00 81.00
208.00 81.00
219.00 81.00
231.00 81.00
243.00 81.00
255.00 81.00
267.00 81.00
280.00 81.00
293.00 81.00
305.00 81.00
318.00 81.00
329.00 81.00
342.00 81.00
354.00 81.00
175.00 82.00
185.00 82.00
197.00 82.00
208.00 82.00
219.00 82.00
231.00 82.00
243.00 82.00
255.00 82.00
267.00 82.00
280.00 82.00
293.00 82.00
305.00 82.00
318.00 82.00
329.00 82.00
342.00 82.00
354.00 82.00
175.00 83.00
185.00 83.00
197.00 83.00
208.00 83.00
219.00 83.00
231.00 83.00
243.00 83.00
255.00 83.00
267.00 83.00
280.00 83.00
293.00 83.00
305.00 83.00
318.00 83.00
329.00 83.00
342.00 83.00
354.00 83.00
164.00 84.00
175.00 84.00
185.00 84.00
197.00 84.00
208.00 84.00
219.00 84.00
231.00 84.00
243.00 84.00
255.00 84.00
267.00 84.00
280.00 84.00
293.00 84.00
305.00 84.00
318.00 84.00
329.00 84.00
342.00 84.00
354.00 84.00
164.00 85.00
175.00 85.00
185.00 85.00
197.00 85.00
208.00 85.00
219.00 85.00
231.00 85.00
243.00 85.00
255.00 85.00
267.00 85.00
280.00 85.00
293.00 85.00
305.00 85.00
318.00 85.00
329.00 85.00
342.00 85.00
354.00 85.00
164.00 86.00
175.00 86.00
185.00 86.00
197.00 86.00
208.00 86.00
219.00 86.00
231.00 86.00
243.00 86.00
255.00 86.00
267.00 86.00
280.00 86.00
293.00 86.00
305.00 86.00
317.00 86.00
329.00 86.00
342.00 86.00
354.00 86.00
164.00 87.00
175.00 87.00
185.00 87.00
196.00 87.00
208.00 87.00
219.00 87.00
231.00 87.00
243.00 87.00
255.00 87.00
267.00 87.00
280.00 87.00
293.00 87.00
305.00 87.00
317.00 87.00
329.00 87.00
342.00 87.00
354.00 87.00
164.00 88.00
175.00 88.00
185.00 88.00
196.00 88.00
208.00 88.00
219.00 88.00
231.00 88.00
243.00 88.00
255.00 88.00
267.00 88.00
280.00 88.00
293.00 88.00
305.00 88.00
317.00 88.00
329.00 88.00
342.00 88.00
354.00 88.00
154.00 89.00
164.00 89.00
175.00 89.00
185.00 89.00
196.00 89.00
208.00 89.00
219.00 89.00
231.00 89.00
243.00 89.00
255.00 89.00
267.00 89.00
280.00 89.00
293.00 89.00
305.00 89.00
317.00 89.00
329.00 89.00
342.00 89.00
354.00 89.00
154.00 90.00
164.00 90.00
174.00 90.00
185.00 90.00
196.00 90.00
208.00 90.00
219.00 90.00
231.00 90.00
243.00 90.00
255.00 90.00
267.00 90.00
280.00 90.00
292.00 90.00
305.00 90.00
317.00 90.00
329.00 90.00
342.00 90.00
354.00 90.00
154.00 91.00
163.00 91.00
174.00 91.00
185.00 91.00
196.00 91.00
208.00 91.00
219.00 91.00
231.00 91.00
243.00 91.00
255.00 91.00
267.00 91.00
280.00 91.00
292.00 91.00
305.00 91.00
317.00 91.00
329.00 91.00
342.00 91.00
354.00 91.00
154.00 92.00
163.00 92.00
174.00 92.00
185.00 92.00
196.00 92.00
208.00 92.00
219.00 92.00
231.00 92.00
243.00 92.00
255.00 92.00
267.00 92.00
280.00 92.00
292.00 92.00
305.00 92.00
317.00 92.00
329.00 92.00
342.00 92.00
354.00 92.00
154.00 93.00
163.00 93.00
174.00 93.00
185.00 93.00
196.00 93.00
208.00 93.00
219.00 93.00
231.00 93.00
243.00 93.00
255.00 93.00
267.00 93.00
280.00 93.00
292.00 93.00
305.00 93.00
317.00 93.00
329.00 93.00
342.00 93.00
354.00 93.00
144.00 94.00
154.00 94.00
163.00 94.00
174.00 94.00
185.00 94.00
196.00 94.00
208.00 94.00
219.00 94.00
231.00 94.00
243.00 94.00
255.00 94.00
267.00 94.00
280.00 94.00
292.00 94.00
305.00 94.00
317.00 94.00
329.00 94.00
342.00 94.00
354.00 94.00
144.00 95.00
154.00 95.00
163.00 95.00
174.00 95.00
185.00 95.00
196.00 95.00
208.00 95.00
219.00 95.00
231.00 95.00
243.00 95.00
255.00 95.00
267.00 95.00
280.00 95.00
292.00 95.00
305.00 95.00
317.00 95.00
329.00 95.00
341.00 95.00
354.00 95.00
144.00 96.00
154.00 96.00
163.00 96.00
174.00 96.00
185.00 96.00
196.00 96.00
208.00 96.00
219.00 96.00
231.00 96.00
243.00 96.00
255.00 96.00
267.00 96.00
280.00 96.00
292.00 96.00
305.00 96.00
317.00 96.00
329.00 96.00
341.00 96.00
354.00 96.00
144.00 97.00
154.00 97.00
163.00 97.00
174.00 97.00
185.00 97.00
196.00 97.00
208.00 97.00
219.00 97.00
231.00 97.00
243.00 97.00
255.00 97.00
267.00 97.00
280.00 97.00
292.00 97.00
304.00 97.00
317.00 97.00
329.00 97.00
341.00 97.00
354.00 97.00
144.00 98.00
154.00 98.00
163.00 98.00
174.00 98.00
185.00 98.00
196.00 98.00
208.00 98.00
219.00 98.00
231.00 98.00
243.00 98.00
255.00 98.00
267.00 98.00
280.00 98.00
292.00 98.00
304.00 98.00
317.00 98.00
329.00 98.00
341.00 98.00
354.00 98.00
144.00 99.00
154.00 99.00
163.00 99.00
174.00 99.00
184.00 99.00
196.00 99.00
208.00 99.00
219.00 99.00
231.00 99.00
243.00 99.00
255.00 99.00
267.00 99.00
280.00 99.00
292.00 99.00
304.00 99.00
317.00 99.00
329.00 99.00
341.00 99.00
354.00 99.00
133.00 100.00
144.00 100.00
154.00 100.00
163.00 100.00
174.00 100.00
184.00 100.00
196.00 100.00
208.00 100.00
219.00 100.00
231.00 100.00
243.00 100.00
255.00 100.00
267.00 100.00
280.00 100.00
292.00 100.00
304.00 100.00
317.00 100.00
329.00 100.00
341.00 100.00
354.00 100.00
134.00 101.00
144.00 101.00
154.00 101.00
163.00 101.00
174.00 101.00
184.00 101.00
196.00 101.00
208.00 101.00
219.00 101.00
231.00 101.00
243.00 101.00
255.00 101.00
267.00 101.00
280.00 101.00
292.00 101.00
304.00 101.00
317.00 101.00
329.00 101.00
341.00 101.00
354.00 101.00
134.00 102.00
144.00 102.00
154.00 102.00
163.00 102.00
174.00 102.00
184.00 102.00
196.00 102.00
208.00 102.00
219.00 102.00
231.00 102.00
243.00 102.00
255.00 102.00
267.00 102.00
280.00 102.00
292.00 102.00
304.00 102.00
317.00 102.00
329.00 102.00
341.00 102.00
354.00 102.00
134.00 103.00
144.00 103.00
154.00 103.00
163.00 103.00
174.00 103.00
184.00 103.00
196.00 103.00
208.00 103.00
219.00 103.00
231.00 103.00
243.00 103.00
255.00 103.00
267.00 103.00
280.00 103.00
292.00 103.00
304.00 103.00
317.00 103.00
329.00 103.00
341.00 103.00
354.00 103.00
134.00 104.00
144.00 104.00
154.00 104.00
163.00 104.00
173.00 104.00
184.00 104.00
196.00 104.00
208.00 104.00
219.00 104.00
231.00 104.00
243.00 104.00
255.00 104.00
267.00 104.00
280.00 104.00
292.00 104.00
304.00 104.00
317.00 104.00
329.00 104.00
341.00 104.00
354.00 104.00
123.00 105.00
134.00 105.00
144.00 105.00
154.00 105.00
163.00 105.00
173.00 105.00
184.00 105.00
196.00 105.00
208.00 105.00
219.00 105.00
231.00 105.00
243.00 105.00
255.00 105.00
267.00 105.00
280.00 105.00
292.00 105.00
304.00 105.00
317.00 105.00
329.00 105.00
341.00 105.00
354.00 105.00
123.00 106.00
134.00 106.00
144.00 106.00
154.00 106.00
163.00 106.00
173.00 106.00
184.00 106.00
196.00 106.00
208.00 106.00
219.00 106.00
231.00 106.00
243.00 106.00
255.00 106.00
267.00 106.00
280.00 106.00
292.00 106.00
304.00 106.00
317.00 106.00
329.00 106.00
341.00 106.00
354.00 106.00
123.00 107.00
134.00 107.00
144.00 107.00
154.00 107.00
163.00 107.00
173.00 107.00
184.00 107.00
196.00 107.00
208.00 107.00
219.00 107.00
231.00 107.00
243.00 107.00
255.00 107.00
267.00 107.00
280.00 107.00
291.00 107.00
304.00 107.00
317.00 107.00
329.00 107.00
341.00 107.00
354.00 107.00
123.00 108.00
134.00 108.00
144.00 108.00
154.00 108.00
163.00 108.00
173.00 108.00
184.00 108.00
196.00 108.00
208.00 108.00
219.00 108.00
231.00 108.00
243.00 108.00
255.00 108.00
267.00 108.00
280.00 108.00
291.00 108.00
304.00 108.00
317.00 108.00
329.00 108.00
341.00 108.00
354.00 108.00
124.00 109.00
134.00 109.00
144.00 109.00
154.00 109.00
163.00 109.00
173.00 109.00
184.00 109.00
196.00 109.00
208.00 109.00
219.00 109.00
231.00 109.00
243.00 109.00
255.00 109.00
267.00 109.00
280.00 109.00
291.00 109.00
304.00 109.00
317.00 109.00
329.00 109.00
341.00 109.00
354.00 109.00
113.00 110.00
124.00 110.00
134.00 110.00
144.00 110.00
154.00 110.00
163.00 110.00
173.00 110.00
184.00 110.00
196.00 110.00
208.00 110.00
219.00 110.00
231.00 110.00
243.00 110.00
255.00 110.00
267.00 110.00
280.00 110.00
291.00 110.00
304.00 110.00
317.00 110.00
329.00 110.00
341.00 110.00
354.00 110.00
113.00 111.00
124.00 111.00
134.00 111.00
145.00 111.00
154.00 111.00
163.00 111.00
173.00 111.00
184.00 111.00
196.00 111.00
208.00 111.00
219.00 111.00
231.00 111.00
243.00 111.00
255.00 111.00
267.00 111.00
280.00 111.00
291.00 111.00
304.00 111.00
317.00 111.00
329.00 111.00
341.00 111.00
354.00 111.00
113.00 112.00
124.00 112.00
134.00 112.00
145.00 112.00
154.00 112.00
163.00 112.00
173.00 112.00
184.00 112.00
196.00 112.00
208.00 112.00
219.00 112.00
231.00 112.00
243.00 112.00
255.00 112.00
267.00 112.00
280.00 112.00
291.00 112.00
303.00 112.00
317.00 112.00
329.00 112.00
341.00 112.00
354.00 112.00
113.00 113.00
124.00 113.00
134.00 113.00
145.00 113.00
154.00 113.00
163.00 113.00
173.00 113.00
184.00 113.00
196.00 113.00
208.00 113.00
219.00 113.00
231.00 113.00
243.00 113.00
255.00 113.00
267.00 113.00
280.00 113.00
291.00 113.00
303.00 113.00
317.00 113.00
329.00 113.00
341.00 113.00
354.00 113.00
113.00 114.00
124.00 114.00
135.00 114.00
145.00 114.00
154.00 114.00
162.00 114.00
173.00 114.00
184.00 114.00
196.00 114.00
208.00 114.00
219.00 114.00
231.00 114.00
243.00 114.00
255.00 114.00
267.00 114.00
280.00 114.00
291.00 114.00
303.00 114.00
317.00 114.00
329.00 114.00
341.00 114.00
354.00 114.00
102.00 115.00
113.00 115.00
124.00 115.00
135.00 115.00
145.00 115.00
154.00 115.00
162.00 115.00
172.00 115.00
184.00 115.00
196.00 115.00
208.00 115.00
219.00 115.00
231.00 115.00
243.00 115.00
255.00 115.00
267.00 115.00
280.00 115.00
291.00 115.00
303.00 115.00
316.00 115.00
329.00 115.00
341.00 115.00
354.00 115.00
102.00 116.00
113.00 116.00
124.00 116.00
135.00 116.00
145.00 116.00
154.00 116.00
163.00 116.00
172.00 116.00
184.00 116.00
196.00 116.00
208.00 116.00
220.00 116.00
231.00 116.00
243.00 116.00
255.00 116.00
267.00 116.00
280.00 116.00
291.00 116.00
303.00 116.00
316.00 116.00
329.00 116.00
341.00 116.00
354.00 116.00
102.00 117.00
113.00 117.00
124.00 117.00
135.00 117.00
145.00 117.00
154.00 117.00
163.00 117.00
172.00 117.00
184.00 117.00
196.00 117.00
209.00 117.00
220.00 117.00
231.00 117.00
243.00 117.00
255.00 117.00
267.00 117.00
280.00 117.00
291.00 117.00
303.00 117.00
316.00 117.00
329.00 117.00
341.00 117.00
354.00 117.00
102.00 118.00
114.00 118.00
124.00 118.00
135.00 118.00
145.00 118.00
155.00 118.00
163.00 118.00
172.00 118.00
184.00 118.00
196.00 118.00
209.00 118.00
220.00 118.00
231.00 118.00
243.00 118.00
255.00 118.00
267.00 118.00
280.00 118.00
291.00 118.00
303.00 118.00
316.00 118.00
329.00 118.00
341.00 118.00
354.00 118.00
102.00 119.00
114.00 119.00
124.00 119.00
135.00 119.00
145.00 119.00
155.00 119.00
162.00 119.00
172.00 119.00
184.00 119.00
196.00 119.00
209.00 119.00
220.00 119.00
231.00 119.00
243.00 119.00
255.00 119.00
267.00 119.00
280.00 119.00
291.00 119.00
303.00 119.00
316.00 119.00
329.00 119.00
341.00 119.00
354.00 119.00
102.00 120.00
114.00 120.00
125.00 120.00
135.00 120.00
145.00 120.00
156.00 120.00
162.00 120.00
172.00 120.00
184.00 120.00
196.00 120.00
209.00 120.00
220.00 120.00
231.00 120.00
243.00 120.00
255.00 120.00
267.00 120.00
280.00 120.00
291.00 120.00
303.00 120.00
316.00 120.00
329.00 120.00
341.00 120.00
354.00 120.00
91.00 121.00
102.00 121.00
114.00 121.00
125.00 121.00
135.00 121.00
145.00 121.00
156.00 121.00
161.00 121.00
172.00 121.00
184.00 121.00
196.00 121.00
209.00 121.00
220.00 121.00
231.00 121.00
243.00 121.00
255.00 121.00
267.00 121.00
279.00 121.00
291.00 121.00
303.00 121.00
316.00 121.00
329.00 121.00
341.00 121.00
354.00 121.00
91.00 122.00
102.00 122.00
114.00 122.00
125.00 122.00
135.00 122.00
146.00 122.00
157.00 122.00
160.00 122.00
172.00 122.00
184.00 122.00
196.00 122.00
209.00 122.00
220.00 122.00
231.00 122.00
243.00 122.00
255.00 122.00
267.00 122.00
279.00 122.00
291.00 122.00
303.00 122.00
316.00 122.00
329.00 122.00
341.00 122.00
354.00 122.00
91.00 123.00
103.00 123.00
114.00 123.00
125.00 123.00
135.00 123.00
146.00 123.00
158.00 123.00
159.00 123.00
172.00 123.00
183.00 123.00
196.00 123.00
209.00 123.00
220.00 123.00
231.00 123.00
243.00 123.00
255.00 123.00
267.00 123.00
279.00 123.00
291.00 123.00
303.00 123.00
316.00 123.00
329.00 123.00
341.00 123.00
354.00 123.00
91.00 124.00
103.00 124.00
114.00 124.00
125.00 124.00
135.00 124.00
146.00 124.00
159.00 124.00
172.00 124.00
183.00 124.00
196.00 124.00
209.00 124.00
220.00 124.00
231.00 124.00
243.00 124.00
255.00 124.00
267.00 124.00
279.00 124.00
291.00 124.00
303.00 124.00
316.00 124.00
329.00 124.00
341.00 124.00
354.00 124.00
91.00 125.00
103.00 125.00
114.00 125.00
125.00 125.00
135.00 125.00
146.00 125.00
159.00 125.00
172.00 125.00
183.00 125.00
196.00 125.00
209.00 125.00
220.00 125.00
231.00 125.00
243.00 125.00
255.00 125.00
267.00 125.00
279.00 125.00
291.00 125.00
303.00 125.00
316.00 125.00
329.00 125.00
341.00 125.00
354.00 125.00
91.00 126.00
103.00 126.00
114.00 126.00
125.00 126.00
135.00 126.00
146.00 126.00
159.00 126.00
172.00 126.00
183.00 126.00
197.00 126.00
210.00 126.00
220.00 126.00
231.00 126.00
243.00 126.00
255.00 126.00
267.00 126.00
279.00 126.00
291.00 126.00
303.00 126.00
316.00 126.00
329.00 126.00
341.00 126.00
354.00 126.00
79.00 127.00
91.00 127.00
103.00 127.00
114.00 127.00
125.00 127.00
135.00 127.00
146.00 127.00
159.00 127.00
172.00 127.00
183.00 127.00
197.00 127.00
210.00 127.00
220.00 127.00
231.00 127.00
243.00 127.00
255.00 127.00
267.00 127.00
279.00 127.00
291.00 127.00
303.00 127.00
316.00 127.00
329.00 127.00
341.00 127.00
354.00 127.00
79.00 128.00
91.00 128.00
103.00 128.00
114.00 128.00
125.00 128.00
135.00 128.00
146.00 128.00
158.00 128.00
171.00 128.00
183.00 128.00
197.00 128.00
210.00 128.00
220.00 128.00
231.00 128.00
243.00 128.00
255.00 128.00
267.00 128.00
279.00 128.00
291.00 128.00
303.00 128.00
316.00 128.00
329.00 128.00
341.00 128.00
354.00 128.00
79.00 129.00
91.00 129.00
103.00 129.00
114.00 129.00
125.00 129.00
135.00 129.00
146.00 129.00
159.00 129.00
171.00 129.00
183.00 129.00
197.00 129.00
210.00 129.00
220.00 129.00
231.00 129.00
243.00 129.00
255.00 129.00
267.00 129.00
279.00 129.00
291.00 129.00
303.00 129.00
316.00 129.00
329.00 129.00
341.00 129.00
354.00 129.00
79.00 130.00
91.00 130.00
103.00 130.00
114.00 130.00
125.00 130.00
136.00 130.00
146.00 130.00
159.00 130.00
171.00 130.00
183.00 130.00
197.00 130.00
210.00 130.00
220.00 130.00
232.00 130.00
243.00 130.00
255.00 130.00
267.00 130.00
279.00 130.00
291.00 130.00
303.00 130.00
316.00 130.00
329.00 130.00
341.00 130.00
354.00 130.00
79.00 131.00
91.00 131.00
103.00 131.00
115.00 131.00
125.00 131.00
136.00 131.00
146.00 131.00
159.00 131.00
171.00 131.00
183.00 131.00
197.00 131.00
210.00 131.00
221.00 131.00
232.00 131.00
243.00 131.00
255.00 131.00
267.00 131.00
279.00 131.00
291.00 131.00
303.00 131.00
316.00 131.00
329.00 131.00
341.00 131.00
354.00 131.00
79.00 132.00
91.00 132.00
103.00 132.00
115.00 132.00
125.00 132.00
136.00 132.00
146.00 132.00
159.00 132.00
170.00 132.00
183.00 132.00
198.00 132.00
210.00 132.00
221.00 132.00
232.00 132.00
243.00 132.00
255.00 132.00
267.00 132.00
279.00 132.00
291.00 132.00
303.00 132.00
316.00 132.00
329.00 132.00
341.00 132.00
354.00 132.00
67.00 133.00
79.00 133.00
91.00 133.00
103.00 133.00
115.00 133.00
125.00 133.00
136.00 133.00
146.00 133.00
158.00 133.00
170.00 133.00
183.00 133.00
198.00 133.00
210.00 133.00
221.00 133.00
232.00 133.00
243.00 133.00
255.00 133.00
266.00 133.00
279.00 133.00
291.00 133.00
303.00 133.00
316.00 133.00
329.00 133.00
341.00 133.00
354.00 133.00
67.00 134.00
79.00 134.00
91.00 134.00
103.00 134.00
115.00 134.00
125.00 134.00
136.00 134.00
146.00 134.00
158.00 134.00
169.00 134.00
183.00 134.00
198.00 134.00
210.00 134.00
221.00 134.00
232.00 134.00
243.00 134.00
255.00 134.00
266.00 134.00
279.00 134.00
290.00 134.00
303.00 134.00
316.00 134.00
329.00 134.00
341.00 134.00
354.00 134.00
67.00 135.00
79.00 135.00
91.00 135.00
103.00 135.00
115.00 135.00
125.00 135.00
136.00 135.00
146.00 135.00
157.00 135.00
169.00 135.00
183.00 135.00
199.00 135.00
210.00 135.00
221.00 135.00
232.00 135.00
243.00 135.00
255.00 135.00
266.00 135.00
279.00 135.00
290.00 135.00
303.00 135.00
316.00 135.00
329.00 135.00
341.00 135.00
354.00 135.00
67.00 136.00
79.00 136.00
92.00 136.00
104.00 136.00
115.00 136.00
125.00 136.00
136.00 136.00
146.00 136.00
157.00 136.00
169.00 136.00
183.00 136.00
199.00 136.00
210.00 136.00
221.00 136.00
232.00 136.00
243.00 136.00
254.00 136.00
266.00 136.00
279.00 136.00
290.00 136.00
303.00 136.00
316.00 136.00
329.00 136.00
341.00 136.00
354.00 136.00
67.00 137.00
79.00 137.00
92.00 137.00
104.00 137.00
115.00 137.00
125.00 137.00
136.00 137.00
146.00 137.00
157.00 137.00
168.00 137.00
183.00 137.00
199.00 137.00
211.00 137.00
221.00 137.00
232.00 137.00
243.00 137.00
254.00 137.00
266.00 137.00
279.00 137.00
290.00 137.00
303.00 137.00
316.00 137.00
329.00 137.00
341.00 137.00
354.00 137.00
67.00 138.00
79.00 138.00
92.00 138.00
104.00 138.00
115.00 138.00
125.00 138.00
136.00 138.00
146.00 138.00
157.00 138.00
168.00 138.00
183.00 138.00
199.00 138.00
211.00 138.00
221.00 138.00
231.00 138.00
243.00 138.00
254.00 138.00
266.00 138.00
279.00 138.00
290.00 138.00
303.00 138.00
316.00 138.00
329.00 138.00
341.00 138.00
354.00 138.00
67.00 139.00
79.00 139.00
92.00 139.00
104.00 139.00
115.00 139.00
125.00 139.00
136.00 139.00
146.00 139.00
158.00 139.00
168.00 139.00
183.00 139.00
200.00 139.00
211.00 139.00
221.00 139.00
231.00 139.00
243.00 139.00
254.00 139.00
266.00 139.00
279.00 139.00
290.00 139.00
303.00 139.00
316.00 139.00
329.00 139.00
341.00 139.00
354.00 139.00
54.00 140.00
67.00 140.00
79.00 140.00
92.00 140.00
104.00 140.00
115.00 140.00
125.00 140.00
136.00 140.00
146.00 140.00
158.00 140.00
168.00 140.00
183.00 140.00
200.00 140.00
211.00 140.00
221.00 140.00
231.00 140.00
243.00 140.00
254.00 140.00
266.00 140.00
279.00 140.00
290.00 140.00
303.00 140.00
316.00 140.00
329.00 140.00
341.00 140.00
354.00 140.00
54.00 141.00
67.00 141.00
79.00 141.00
92.00 141.00
104.00 141.00
115.00 141.00
125.00 141.00
136.00 141.00
146.00 141.00
159.00 141.00
168.00 141.00
182.00 141.00
200.00 141.00
211.00 141.00
221.00 141.00
231.00 141.00
243.00 141.00
254.00 141.00
266.00 141.00
279.00 141.00
290.00 141.00
303.00 141.00
316.00 141.00
329.00 141.00
341.00 141.00
354.00 141.00
54.00 142.00
67.00 142.00
79.00 142.00
92.00 142.00
104.00 142.00
115.00 142.00
125.00 142.00
136.00 142.00
146.00 142.00
159.00 142.00
168.00 142.00
182.00 142.00
200.00 142.00
211.00 142.00
221.00 142.00
231.00 142.00
243.00 142.00
254.00 142.00
266.00 142.00
278.00 142.00
290.00 142.00
303.00 142.00
316.00 142.00
329.00 142.00
342.00 142.00
354.00 142.00
54.00 143.00
67.00 143.00
79.00 143.00
92.00 143.00
104.00 143.00
115.00 143.00
125.00 143.00
136.00 143.00
147.00 143.00
160.00 143.00
168.00 143.00
181.00 143.00
201.00 143.00
211.00 143.00
221.00 143.00
231.00 143.00
243.00 143.00
254.00 143.00
266.00 143.00
278.00 143.00
290.00 143.00
303.00 143.00
316.00 143.00
329.00 143.00
342.00 143.00
354.00 143.00
54.00 144.00
67.00 144.00
79.00 144.00
92.00 144.00
104.00 144.00
115.00 144.00
125.00 144.00
136.00 144.00
147.00 144.00
160.00 144.00
168.00 144.00
181.00 144.00
201.00 144.00
211.00 144.00
221.00 144.00
231.00 144.00
243.00 144.00
254.00 144.00
266.00 144.00
278.00 144.00
290.00 144.00
303.00 144.00
316.00 144.00
329.00 144.00
342.00 144.00
354.00 144.00
54.00 145.00
67.00 145.00
79.00 145.00
92.00 145.00
104.00 145.00
115.00 145.00
125.00 145.00
136.00 145.00
148.00 145.00
160.00 145.00
168.00 145.00
181.00 145.00
201.00 145.00
211.00 145.00
221.00 145.00
231.00 145.00
243.00 145.00
254.00 145.00
266.00 145.00
278.00 145.00
290.00 145.00
303.00 145.00
316.00 145.00
329.00 145.00
342.00 145.00
354.00 145.00
42.00 146.00
55.00 146.00
67.00 146.00
79.00 146.00
92.00 146.00
104.00 146.00
115.00 146.00
125.00 146.00
136.00 146.00
148.00 146.00
160.00 146.00
168.00 146.00
180.00 146.00
201.00 146.00
211.00 146.00
221.00 146.00
231.00 146.00
243.00 146.00
254.00 146.00
266.00 146.00
278.00 146.00
290.00 146.00
303.00 146.00
316.00 146.00
329.00 146.00
342.00 146.00
354.00 146.00
42.00 147.00
55.00 147.00
67.00 147.00
79.00 147.00
92.00 147.00
104.00 147.00
115.00 147.00
125.00 147.00
136.00 147.00
149.00 147.00
160.00 147.00
168.00 147.00
180.00 147.00
201.00 147.00
211.00 147.00
221.00 147.00
231.00 147.00
243.00 147.00
254.00 147.00
266.00 147.00
278.00 147.00
290.00 147.00
303.00 147.00
316.00 147.00
329.00 147.00
342.00 147.00
354.00 147.00
42.00 148.00
55.00 148.00
67.00 148.00
79.00 148.00
92.00 148.00
104.00 148.00
115.00 148.00
125.00 148.00
136.00 148.00
149.00 148.00
160.00 148.00
168.00 148.00
180.00 148.00
201.00 148.00
211.00 148.00
221.00 148.00
231.00 148.00
243.00 148.00
254.00 148.00
266.00 148.00
278.00 148.00
290.00 148.00
303.00 148.00
316.00 148.00
329.00 148.00
342.00 148.00
354.00 148.00
42.00 149.00
55.00 149.00
67.00 149.00
79.00 149.00
92.00 149.00
104.00 149.00
115.00 149.00
125.00 149.00
136.00 149.00
149.00 149.00
160.00 149.00
168.00 149.00
179.00 149.00
202.00 149.00
211.00 149.00
221.00 149.00
231.00 149.00
243.00 149.00
254.00 149.00
266.00 149.00
278.00 149.00
290.00 149.00
303.00 149.00
316.00 149.00
329.00 149.00
342.00 149.00
354.00 149.00
42.00 150.00
55.00 150.00
67.00 150.00
79.00 150.00
92.00 150.00
104.00 150.00
115.00 150.00
125.00 150.00
136.00 150.00
150.00 150.00
160.00 150.00
168.00 150.00
179.00 150.00
202.00 150.00
211.00 150.00
221.00 150.00
231.00 150.00
243.00 150.00
254.00 150.00
266.00 150.00
278.00 150.00
290.00 150.00
303.00 150.00
316.00 150.00
329.00 150.00
342.00 150.00
354.00 150.00
42.00 151.00
55.00 151.00
67.00 151.00
79.00 151.00
92.00 151.00
104.00 151.00
115.00 151.00
125.00 151.00
135.00 151.00
151.00 151.00
160.00 151.00
168.00 151.00
179.00 151.00
202.00 151.00
211.00 151.00
221.00 151.00
231.00 151.00
243.00 151.00
254.00 151.00
266.00 151.00
278.00 151.00
290.00 151.00
303.00 151.00
316.00 151.00
329.00 151.00
342.00 151.00
354.00 151.00
30.00 152.00
42.00 152.00
55.00 152.00
67.00 152.00
79.00 152.00
92.00 152.00
104.00 152.00
115.00 152.00
125.00 152.00
135.00 152.00
152.00 152.00
160.00 152.00
168.00 152.00
178.00 152.00
202.00 152.00
211.00 152.00
220.00 152.00
231.00 152.00
243.00 152.00
254.00 152.00
266.00 152.00
278.00 152.00
290.00 152.00
303.00 152.00
316.00 152.00
329.00 152.00
342.00 152.00
354.00 152.00
30.00 153.00
42.00 153.00
55.00 153.00
67.00 153.00
79.00 153.00
92.00 153.00
104.00 153.00
115.00 153.00
125.00 153.00
135.00 153.00
153.00 153.00
160.00 153.00
168.00 153.00
178.00 153.00
202.00 153.00
211.00 153.00
220.00 153.00
231.00 153.00
243.00 153.00
254.00 153.00
266.00 153.00
278.00 153.00
290.00 153.00
303.00 153.00
316.00 153.00
329.00 153.00
342.00 153.00
354.00 153.00
30.00 154.00
42.00 154.00
55.00 154.00
67.00 154.00
79.00 154.00
92.00 154.00
104.00 154.00
115.00 154.00
125.00 154.00
135.00 154.00
154.00 154.00
155.00 154.00
156.00 154.00
157.00 154.00
158.00 154.00
159.00 154.00
168.00 154.00
177.00 154.00
202.00 154.00
211.00 154.00
220.00 154.00
231.00 154.00
243.00 154.00
254.00 154.00
266.00 154.00
278.00 154.00
290.00 154.00
303.00 154.00
316.00 154.00
329.00 154.00
342.00 154.00
354.00 154.00
30.00 155.00
42.00 155.00
55.00 155.00
67.00 155.00
80.00 155.00
92.00 155.00
104.00 155.00
115.00 155.00
125.00 155.00
135.00 155.00
160.00 155.00
168.00 155.00
177.00 155.00
202.00 155.00
211.00 155.00
220.00 155.00
231.00 155.00
243.00 155.00
254.00 155.00
266.00 155.00
278.00 155.00
290.00 155.00
303.00 155.00
316.00 155.00
329.00 155.00
342.00 155.00
354.00 155.00
30.00 156.00
42.00 156.00
55.00 156.00
67.00 156.00
80.00 156.00
92.00 156.00
104.00 156.00
115.00 156.00
125.00 156.00
135.00 156.00
161.00 156.00
168.00 156.00
176.00 156.00
201.00 156.00
211.00 156.00
220.00 156.00
231.00 156.00
243.00 156.00
254.00 156.00
266.00 156.00
278.00 156.00
290.00 156.00
303.00 156.00
316.00 156.00
329.00 156.00
342.00 156.00
30.00 157.00
42.00 157.00
55.00 157.00
67.00 157.00
80.00 157.00
92.00 157.00
104.00 157.00
114.00 157.00
125.00 157.00
135.00 157.00
162.00 157.00
168.00 157.00
176.00 157.00
201.00 157.00
211.00 157.00
220.00 157.00
231.00 157.00
243.00 157.00
254.00 157.00
266.00 157.00
278.00 157.00
290.00 157.00
303.00 157.00
316.00 157.00
329.00 157.00
342.00 157.00
18.00 158.00
30.00 158.00
42.00 158.00
55.00 158.00
67.00 158.00
80.00 158.00
92.00 158.00
104.00 158.00
114.00 158.00
125.00 158.00
135.00 158.00
163.00 158.00
168.00 158.00
169.00 158.00
176.00 158.00
200.00 158.00
210.00 158.00
220.00 158.00
231.00 158.00
243.00 158.00
254.00 158.00
266.00 158.00
278.00 158.00
290.00 158.00
303.00 158.00
316.00 158.00
329.00 158.00
342.00 158.00
18.00 159.00
30.00 159.00
42.00 159.00
55.00 159.00
67.00 159.00
80.00 159.00
92.00 159.00
104.00 159.00
114.00 159.00
125.00 159.00
135.00 159.00
164.00 159.00
165.00 159.00
166.00 159.00
167.00 159.00
170.00 159.00
176.00 159.00
199.00 159.00
210.00 159.00
220.00 159.00
231.00 159.00
243.00 159.00
254.00 159.00
266.00 159.00
278.00 159.00
290.00 159.00
303.00 159.00
316.00 159.00
329.00 159.00
342.00 159.00
18.00 160.00
30.00 160.00
42.00 160.00
55.00 160.00
67.00 160.00
80.00 160.00
92.00 160.00
104.00 160.00
114.00 160.00
125.00 160.00
135.00 160.00
167.00 160.00
171.00 160.00
176.00 160.00
198.00 160.00
210.00 160.00
220.00 160.00
231.00 160.00
243.00 160.00
254.00 160.00
266.00 160.00
278.00 160.00
290.00 160.00
303.00 160.00
316.00 160.00
329.00 160.00
342.00 160.00
18.00 161.00
30.00 161.00
42.00 161.00
55.00 161.00
67.00 161.00
80.00 161.00
92.00 161.00
104.00 161.00
114.00 161.00
125.00 161.00
135.00 161.00
166.00 161.00
172.00 161.00
176.00 161.00
197.00 161.00
210.00 161.00
220.00 161.00
231.00 161.00
243.00 161.00
254.00 161.00
266.00 161.00
278.00 161.00
290.00 161.00
303.00 161.00
316.00 161.00
329.00 161.00
342.00 161.00
18.00 162.00
30.00 162.00
42.00 162.00
55.00 162.00
67.00 162.00
80.00 162.00
92.00 162.00
104.00 162.00
114.00 162.00
125.00 162.00
135.00 162.00
166.00 162.00
173.00 162.00
174.00 162.00
175.00 162.00
176.00 162.00
177.00 162.00
178.00 162.00
179.00 162.00
180.00 162.00
181.00 162.00
182.00 162.00
183.00 162.00
184.00 162.00
185.00 162.00
186.00 162.00
187.00 162.00
188.00 162.00
189.00 162.00
190.00 162.00
191.00 162.00
192.00 162.00
193.00 162.00
194.00 162.00
195.00 162.00
196.00 162.00
210.00 162.00
220.00 162.00
231.00 162.00
243.00 162.00
254.00 162.00
266.00 162.00
278.00 162.00
290.00 162.00
303.00 162.00
316.00 162.00
329.00 162.00
18.00 163.00
30.00 163.00
42.00 163.00
55.00 163.00
67.00 163.00
80.00 163.00
92.00 163.00
104.00 163.00
114.00 163.00
125.00 163.00
135.00 163.00
165.00 163.00
175.00 163.00
196.00 163.00
210.00 163.00
220.00 163.00
231.00 163.00
242.00 163.00
254.00 163.00
266.00 163.00
278.00 163.00
290.00 163.00
303.00 163.00
316.00 163.00
329.00 163.00
5.00 164.00
18.00 164.00
30.00 164.00
42.00 164.00
55.00 164.00
67.00 164.00
80.00 164.00
92.00 164.00
104.00 164.00
114.00 164.00
124.00 164.00
135.00 164.00
165.00 164.00
175.00 164.00
196.00 164.00
210.00 164.00
220.00 164.00
231.00 164.00
242.00 164.00
254.00 164.00
266.00 164.00
278.00 164.00
290.00 164.00
303.00 164.00
316.00 164.00
329.00 164.00
5.00 165.00
18.00 165.00
30.00 165.00
42.00 165.00
55.00 165.00
67.00 165.00
80.00 165.00
92.00 165.00
104.00 165.00
114.00 165.00
124.00 165.00
135.00 165.00
164.00 165.00
176.00 165.00
177.00 165.00
197.00 165.00
210.00 165.00
220.00 165.00
231.00 165.00
242.00 165.00
254.00 165.00
266.00 165.00
278.00 165.00
290.00 165.00
303.00 165.00
316.00 165.00
330.00 165.00
5.00 166.00
18.00 166.00
30.00 166.00
43.00 166.00
55.00 166.00
67.00 166.00
80.00 166.00
92.00 166.00
104.00 166.00
114.00 166.00
124.00 166.00
135.00 166.00
164.00 166.00
175.00 166.00
178.00 166.00
197.00 166.00
210.00 166.00
220.00 166.00
231.00 166.00
242.00 166.00
254.00 166.00
266.00 166.00
278.00 166.00
290.00 166.00
303.00 166.00
317.00 166.00
330.00 166.00
5.00 167.00
18.00 167.00
30.00 167.00
43.00 167.00
55.00 167.00
67.00 167.00
80.00 167.00
92.00 167.00
104.00 167.00
114.00 167.00
124.00 167.00
135.00 167.00
161.00 167.00
162.00 167.00
163.00 167.00
175.00 167.00
179.00 167.00
197.00 167.00
209.00 167.00
219.00 167.00
231.00 167.00
242.00 167.00
254.00 167.00
266.00 167.00
278.00 167.00
290.00 167.00
303.00 167.00
317.00 167.00
330.00 167.00
5.00 168.00
18.00 168.00
30.00 168.00
43.00 168.00
55.00 168.00
67.00 168.00
80.00 168.00
92.00 168.00
104.00 168.00
114.00 168.00
124.00 168.00
135.00 168.00
160.00 168.00
163.00 168.00
175.00 168.00
180.00 168.00
198.00 168.00
209.00 168.00
219.00 168.00
230.00 168.00
242.00 168.00
254.00 168.00
266.00 168.00
278.00 168.00
290.00 168.00
303.00 168.00
317.00 168.00
5.00 169.00
18.00 169.00
30.00 169.00
43.00 169.00
55.00 169.00
67.00 169.00
80.00 169.00
92.00 169.00
104.00 169.00
114.00 169.00
124.00 169.00
135.00 169.00
159.00 169.00
163.00 169.00
175.00 169.00
181.00 169.00
198.00 169.00
209.00 169.00
219.00 169.00
230.00 169.00
242.00 169.00
254.00 169.00
266.00 169.00
278.00 169.00
290.00 169.00
303.00 169.00
317.00 169.00
5.00 170.00
18.00 170.00
30.00 170.00
43.00 170.00
55.00 170.00
67.00 170.00
80.00 170.00
92.00 170.00
104.00 170.00
114.00 170.00
124.00 170.00
135.00 170.00
158.00 170.00
163.00 170.00
175.00 170.00
182.00 170.00
199.00 170.00
209.00 170.00
219.00 170.00
230.00 170.00
242.00 170.00
254.00 170.00
266.00 170.00
278.00 170.00
290.00 170.00
303.00 170.00
317.00 170.00
5.00 171.00
18.00 171.00
30.00 171.00
43.00 171.00
55.00 171.00
67.00 171.00
80.00 171.00
92.00 171.00
103.00 171.00
114.00 171.00
124.00 171.00
135.00 171.00
157.00 171.00
163.00 171.00
175.00 171.00
183.00 171.00
199.00 171.00
209.00 171.00
219.00 171.00
230.00 171.00
242.00 171.00
254.00 171.00
266.00 171.00
278.00 171.00
290.00 171.00
303.00 171.00
317.00 171.00
6.00 172.00
18.00 172.00
30.00 172.00
43.00 172.00
55.00 172.00
67.00 172.00
80.00 172.00
92.00 172.00
103.00 172.00
114.00 172.00
124.00 172.00
135.00 172.00
152.00 172.00
153.00 172.00
154.00 172.00
155.00 172.00
156.00 172.00
163.00 172.00
175.00 172.00
184.00 172.00
199.00 172.00
209.00 172.00
219.00 172.00
230.00 172.00
242.00 172.00
254.00 172.00
266.00 172.00
278.00 172.00
291.00 172.00
303.00 172.00
317.00 172.00
6.00 173.00
18.00 173.00
30.00 173.00
43.00 173.00
55.00 173.00
67.00 173.00
80.00 173.00
92.00 173.00
103.00 173.00
114.00 173.00
124.00 173.00
135.00 173.00
151.00 173.00
157.00 173.00
163.00 173.00
175.00 173.00
185.00 173.00
199.00 173.00
209.00 173.00
219.00 173.00
230.00 173.00
242.00 173.00
254.00 173.00
266.00 173.00
278.00 173.00
291.00 173.00
303.00 173.00
317.00 173.00
6.00 174.00
18.00 174.00
30.00 174.00
43.00 174.00
55.00 174.00
67.00 174.00
80.00 174.00
92.00 174.00
103.00 174.00
114.00 174.00
124.00 174.00
135.00 174.00
150.00 174.00
157.00 174.00
163.00 174.00
175.00 174.00
186.00 174.00
198.00 174.00
209.00 174.00
219.00 174.00
230.00 174.00
242.00 174.00
254.00 174.00
266.00 174.00
279.00 174.00
291.00 174.00
303.00 174.00
317.00 174.00
6.00 175.00
18.00 175.00
30.00 175.00
43.00 175.00
55.00 175.00
67.00 175.00
80.00 175.00
92.00 175.00
103.00 175.00
114.00 175.00
124.00 175.00
135.00 175.00
149.00 175.00
157.00 175.00
163.00 175.00
175.00 175.00
186.00 175.00
198.00 175.00
209.00 175.00
219.00 175.00
230.00 175.00
242.00 175.00
254.00 175.00
266.00 175.00
279.00 175.00
291.00 175.00
303.00 175.00
6.00 176.00
18.00 176.00
30.00 176.00
43.00 176.00
55.00 176.00
67.00 176.00
80.00 176.00
92.00 176.00
103.00 176.00
114.00 176.00
124.00 176.00
135.00 176.00
148.00 176.00
157.00 176.00
163.00 176.00
175.00 176.00
187.00 176.00
198.00 176.00
209.00 176.00
219.00 176.00
230.00 176.00
242.00 176.00
254.00 176.00
266.00 176.00
279.00 176.00
291.00 176.00
303.00 176.00
6.00 177.00
18.00 177.00
30.00 177.00
43.00 177.00
55.00 177.00
67.00 177.00
80.00 177.00
92.00 177.00
103.00 177.00
114.00 177.00
124.00 177.00
135.00 177.00
148.00 177.00
157.00 177.00
163.00 177.00
175.00 177.00
187.00 177.00
198.00 177.00
209.00 177.00
219.00 177.00
230.00 177.00
242.00 177.00
254.00 177.00
266.00 177.00
279.00 177.00
291.00 177.00
303.00 177.00
6.00 178.00
18.00 178.00
30.00 178.00
43.00 178.00
55.00 178.00
67.00 178.00
80.00 178.00
92.00 178.00
103.00 178.00
114.00 178.00
124.00 178.00
135.00 178.00
148.00 178.00
157.00 178.00
163.00 178.00
175.00 178.00
188.00 178.00
198.00 178.00
209.00 178.00
219.00 178.00
230.00 178.00
242.00 178.00
254.00 178.00
266.00 178.00
279.00 178.00
291.00 178.00
303.00 178.00
6.00 179.00
18.00 179.00
30.00 179.00
43.00 179.00
55.00 179.00
67.00 179.00
80.00 179.00
92.00 179.00
103.00 179.00
114.00 179.00
124.00 179.00
135.00 179.00
147.00 179.00
157.00 179.00
163.00 179.00
175.00 179.00
188.00 179.00
198.00 179.00
209.00 179.00
219.00 179.00
230.00 179.00
242.00 179.00
254.00 179.00
266.00 179.00
279.00 179.00
291.00 179.00
304.00 179.00
6.00 180.00
18.00 180.00
30.00 180.00
43.00 180.00
55.00 180.00
67.00 180.00
80.00 180.00
92.00 180.00
103.00 180.00
114.00 180.00
124.00 180.00
135.00 180.00
147.00 180.00
157.00 180.00
163.00 180.00
175.00 180.00
188.00 180.00
198.00 180.00
209.00 180.00
219.00 180.00
230.00 180.00
242.00 180.00
254.00 180.00
266.00 180.00
279.00 180.00
291.00 180.00
304.00 180.00
6.00 181.00
18.00 181.00
30.00 181.00
43.00 181.00
55.00 181.00
67.00 181.00
80.00 181.00
92.00 181.00
103.00 181.00
114.00 181.00
124.00 181.00
135.00 181.00
146.00 181.00
157.00 181.00
163.00 181.00
175.00 181.00
189.00 181.00
198.00 181.00
209.00 181.00
219.00 181.00
230.00 181.00
242.00 181.00
254.00 181.00
266.00 181.00
279.00 181.00
291.00 181.00
6.00 182.00
18.00 182.00
30.00 182.00
43.00 182.00
55.00 182.00
67.00 182.00
80.00 182.00
92.00 182.00
103.00 182.00
114.00 182.00
124.00 182.00
135.00 182.00
146.00 182.00
157.00 182.00
163.00 182.00
176.00 182.00
189.00 182.00
198.00 182.00
209.00 182.00
219.00 182.00
230.00 182.00
242.00 182.00
254.00 182.00
266.00 182.00
279.00 182.00
291.00 182.00
6.00 183.00
18.00 183.00
30.00 183.00
43.00 183.00
55.00 183.00
67.00 183.00
80.00 183.00
92.00 183.00
103.00 183.00
114.00 183.00
124.00 183.00
135.00 183.00
146.00 183.00
156.00 183.00
163.00 183.00
176.00 183.00
188.00 183.00
198.00 183.00
209.00 183.00
219.00 183.00
230.00 183.00
242.00 183.00
254.00 183.00
266.00 183.00
279.00 183.00
291.00 183.00
6.00 184.00
18.00 184.00
30.00 184.00
43.00 184.00
55.00 184.00
67.00 184.00
80.00 184.00
92.00 184.00
103.00 184.00
114.00 184.00
124.00 184.00
135.00 184.00
146.00 184.00
156.00 184.00
163.00 184.00
176.00 184.00
188.00 184.00
198.00 184.00
209.00 184.00
219.00 184.00
230.00 184.00
242.00 184.00
254.00 184.00
266.00 184.00
279.00 184.00
291.00 184.00
6.00 185.00
18.00 185.00
30.00 185.00
43.00 185.00
55.00 185.00
67.00 185.00
80.00 185.00
92.00 185.00
103.00 185.00
114.00 185.00
124.00 185.00
135.00 185.00
146.00 185.00
156.00 185.00
164.00 185.00
176.00 185.00
188.00 185.00
198.00 185.00
209.00 185.00
219.00 185.00
230.00 185.00
242.00 185.00
254.00 185.00
266.00 185.00
279.00 185.00
291.00 185.00
6.00 186.00
18.00 186.00
30.00 186.00
43.00 186.00
55.00 186.00
67.00 186.00
80.00 186.00
92.00 186.00
103.00 186.00
114.00 186.00
124.00 186.00
135.00 186.00
146.00 186.00
155.00 186.00
164.00 186.00
176.00 186.00
188.00 186.00
198.00 186.00
209.00 186.00
219.00 186.00
230.00 186.00
242.00 186.00
254.00 186.00
266.00 186.00
279.00 186.00
291.00 186.00
6.00 187.00
18.00 187.00
30.00 187.00
43.00 187.00
55.00 187.00
67.00 187.00
80.00 187.00
92.00 187.00
103.00 187.00
114.00 187.00
124.00 187.00
135.00 187.00
146.00 187.00
155.00 187.00
164.00 187.00
176.00 187.00
188.00 187.00
198.00 187.00
209.00 187.00
219.00 187.00
230.00 187.00
242.00 187.00
254.00 187.00
266.00 187.00
279.00 187.00
6.00 188.00
18.00 188.00
30.00 188.00
43.00 188.00
55.00 188.00
67.00 188.00
80.00 188.00
92.00 188.00
103.00 188.00
114.00 188.00
124.00 188.00
135.00 188.00
146.00 188.00
155.00 188.00
165.00 188.00
177.00 188.00
188.00 188.00
198.00 188.00
208.00 188.00
219.00 188.00
230.00 188.00
242.00 188.00
254.00 188.00
266.00 188.00
279.00 188.00
6.00 189.00
18.00 189.00
30.00 189.00
43.00 189.00
55.00 189.00
67.00 189.00
80.00 189.00
92.00 189.00
103.00 189.00
114.00 189.00
124.00 189.00
135.00 189.00
146.00 189.00
155.00 189.00
165.00 189.00
176.00 189.00
188.00 189.00
198.00 189.00
208.00 189.00
219.00 189.00
230.00 189.00
242.00 189.00
254.00 189.00
266.00 189.00
279.00 189.00
6.00 190.00
18.00 190.00
30.00 190.00
43.00 190.00
55.00 190.00
67.00 190.00
80.00 190.00
92.00 190.00
103.00 190.00
114.00 190.00
124.00 190.00
135.00 190.00
146.00 190.00
155.00 190.00
165.00 190.00
176.00 190.00
188.00 190.00
198.00 190.00
208.00 190.00
219.00 190.00
230.00 190.00
242.00 190.00
254.00 190.00
266.00 190.00
279.00 190.00
6.00 191.00
18.00 191.00
30.00 191.00
43.00 191.00
55.00 191.00
67.00 191.00
80.00 191.00
92.00 191.00
103.00 191.00
114.00 191.00
124.00 191.00
135.00 191.00
146.00 191.00
155.00 191.00
165.00 191.00
177.00 191.00
188.00 191.00
198.00 191.00
208.00 191.00
219.00 191.00
230.00 191.00
242.00 191.00
254.00 191.00
266.00 191.00
279.00 191.00
6.00 192.00
18.00 192.00
30.00 192.00
43.00 192.00
55.00 192.00
67.00 192.00
79.00 192.00
92.00 192.00
103.00 192.00
114.00 192.00
124.00 192.00
135.00 192.00
146.00 192.00
155.00 192.00
165.00 192.00
177.00 192.00
188.00 192.00
198.00 192.00
208.00 192.00
219.00 192.00
230.00 192.00
243.00 192.00
254.00 192.00
266.00 192.00
279.00 192.00
6.00 193.00
18.00 193.00
30.00 193.00
43.00 193.00
55.00 193.00
67.00 193.00
79.00 193.00
92.00 193.00
103.00 193.00
114.00 193.00
124.00 193.00
135.00 193.00
146.00 193.00
155.00 193.00
165.00 193.00
177.00 193.00
188.00 193.00
198.00 193.00
208.00 193.00
219.00 193.00
230.00 193.00
243.00 193.00
254.00 193.00
266.00 193.00
279.00 193.00
6.00 194.00
18.00 194.00
30.00 194.00
43.00 194.00
55.00 194.00
67.00 194.00
79.00 194.00
92.00 194.00
103.00 194.00
114.00 194.00
124.00 194.00
135.00 194.00
146.00 194.00
155.00 194.00
165.00 194.00
177.00 194.00
188.00 194.00
198.00 194.00
208.00 194.00
219.00 194.00
230.00 194.00
243.00 194.00
254.00 194.00
266.00 194.00
6.00 195.00
18.00 195.00
30.00 195.00
43.00 195.00
55.00 195.00
67.00 195.00
79.00 195.00
92.00 195.00
103.00 195.00
114.00 195.00
124.00 195.00
135.00 195.00
146.00 195.00
155.00 195.00
165.00 195.00
177.00 195.00
188.00 195.00
198.00 195.00
208.00 195.00
219.00 195.00
230.00 195.00
243.00 195.00
254.00 195.00
267.00 195.00
6.00 196.00
18.00 196.00
30.00 196.00
43.00 196.00
55.00 196.00
67.00 196.00
79.00 196.00
91.00 196.00
103.00 196.00
114.00 196.00
124.00 196.00
135.00 196.00
146.00 196.00
155.00 196.00
165.00 196.00
177.00 196.00
188.00 196.00
198.00 196.00
208.00 196.00
219.00 196.00
230.00 196.00
243.00 196.00
254.00 196.00
267.00 196.00
6.00 197.00
18.00 197.00
30.00 197.00
43.00 197.00
55.00 197.00
67.00 197.00
79.00 197.00
91.00 197.00
103.00 197.00
114.00 197.00
124.00 197.00
135.00 197.00
146.00 197.00
155.00 197.00
166.00 197.00
177.00 197.00
188.00 197.00
198.00 197.00
208.00 197.00
219.00 197.00
230.00 197.00
243.00 197.00
254.00 197.00
267.00 197.00
6.00 198.00
18.00 198.00
30.00 198.00
43.00 198.00
55.00 198.00
67.00 198.00
79.00 198.00
91.00 198.00
103.00 198.00
114.00 198.00
124.00 198.00
135.00 198.00
146.00 198.00
155.00 198.00
166.00 198.00
177.00 198.00
188.00 198.00
198.00 198.00
208.00 198.00
219.00 198.00
230.00 198.00
243.00 198.00
254.00 198.00
267.00 198.00
6.00 199.00
18.00 199.00
30.00 199.00
43.00 199.00
55.00 199.00
67.00 199.00
79.00 199.00
91.00 199.00
103.00 199.00
114.00 199.00
124.00 199.00
135.00 199.00
146.00 199.00
156.00 199.00
166.00 199.00
177.00 199.00
188.00 199.00
198.00 199.00
208.00 199.00
219.00 199.00
230.00 199.00
243.00 199.00
254.00 199.00
267.00 199.00
6.00 200.00
18.00 200.00
30.00 200.00
43.00 200.00
55.00 200.00
67.00 200.00
79.00 200.00
91.00 200.00
103.00 200.00
114.00 200.00
124.00 200.00
135.00 200.00
146.00 200.00
156.00 200.00
166.00 200.00
177.00 200.00
188.00 200.00
198.00 200.00
208.00 200.00
219.00 200.00
231.00 200.00
243.00 200.00
255.00 200.00
6.00 201.00
18.00 201.00
30.00 201.00
43.00 201.00
55.00 201.00
67.00 201.00
79.00 201.00
91.00 201.00
103.00 201.00
113.00 201.00
124.00 201.00
135.00 201.00
146.00 201.00
156.00 201.00
166.00 201.00
177.00 201.00
188.00 201.00
198.00 201.00
208.00 201.00
219.00 201.00
231.00 201.00
243.00 201.00
255.00 201.00
6.00 202.00
18.00 202.00
30.00 202.00
43.00 202.00
55.00 202.00
67.00 202.00
79.00 202.00
91.00 202.00
103.00 202.00
113.00 202.00
124.00 202.00
135.00 202.00
146.00 202.00
156.00 202.00
166.00 202.00
177.00 202.00
188.00 202.00
198.00 202.00
208.00 202.00
219.00 202.00
231.00 202.00
243.00 202.00
255.00 202.00
6.00 203.00
18.00 203.00
30.00 203.00
43.00 203.00
55.00 203.00
67.00 203.00
79.00 203.00
91.00 203.00
102.00 203.00
113.00 203.00
124.00 203.00
135.00 203.00
146.00 203.00
156.00 203.00
166.00 203.00
177.00 203.00
188.00 203.00
198.00 203.00
208.00 203.00
219.00 203.00
231.00 203.00
243.00 203.00
255.00 203.00
6.00 204.00
18.00 204.00
30.00 204.00
43.00 204.00
55.00 204.00
67.00 204.00
79.00 204.00
91.00 204.00
102.00 204.00
113.00 204.00
124.00 204.00
135.00 204.00
146.00 204.00
156.00 204.00
166.00 204.00
177.00 204.00
188.00 204.00
198.00 204.00
209.00 204.00
219.00 204.00
231.00 204.00
243.00 204.00
255.00 204.00
6.00 205.00
19.00 205.00
30.00 205.00
43.00 205.00
55.00 205.00
67.00 205.00
79.00 205.00
91.00 205.00
102.00 205.00
113.00 205.00
124.00 205.00
135.00 205.00
146.00 205.00
156.00 205.00
166.00 205.00
177.00 205.00
188.00 205.00
198.00 205.00
209.00 205.00
219.00 205.00
231.00 205.00
243.00 205.00
255.00 205.00
6.00 206.00
19.00 206.00
30.00 206.00
43.00 206.00
55.00 206.00
67.00 206.00
79.00 206.00
91.00 206.00
102.00 206.00
113.00 206.00
124.00 206.00
135.00 206.00
146.00 206.00
155.00 206.00
166.00 206.00
177.00 206.00
188.00 206.00
198.00 206.00
209.00 206.00
219.00 206.00
231.00 206.00
243.00 206.00
6.00 207.00
19.00 207.00
30.00 207.00
43.00 207.00
55.00 207.00
67.00 207.00
79.00 207.00
91.00 207.00
102.00 207.00
113.00 207.00
124.00 207.00
135.00 207.00
146.00 207.00
155.00 207.00
166.00 207.00
177.00 207.00
188.00 207.00
198.00 207.00
209.00 207.00
219.00 207.00
231.00 207.00
243.00 207.00
6.00 208.00
19.00 208.00
31.00 208.00
43.00 208.00
55.00 208.00
67.00 208.00
79.00 208.00
91.00 208.00
102.00 208.00
113.00 208.00
124.00 208.00
135.00 208.00
146.00 208.00
155.00 208.00
166.00 208.00
177.00 208.00
188.00 208.00
198.00 208.00
209.00 208.00
219.00 208.00
231.00 208.00
243.00 208.00
6.00 209.00
19.00 209.00
31.00 209.00
43.00 209.00
55.00 209.00
67.00 209.00
79.00 209.00
90.00 209.00
102.00 209.00
113.00 209.00
124.00 209.00
135.00 209.00
146.00 209.00
156.00 209.00
166.00 209.00
177.00 209.00
188.00 209.00
198.00 209.00
209.00 209.00
219.00 209.00
231.00 209.00
243.00 209.00
6.00 210.00
19.00 210.00
31.00 210.00
42.00 210.00
55.00 210.00
67.00 210.00
78.00 210.00
90.00 210.00
102.00 210.00
113.00 210.00
124.00 210.00
135.00 210.00
146.00 210.00
156.00 210.00
166.00 210.00
177.00 210.00
188.00 210.00
198.00 210.00
209.00 210.00
219.00 210.00
231.00 210.00
243.00 210.00
6.00 211.00
19.00 211.00
31.00 211.00
42.00 211.00
55.00 211.00
67.00 211.00
78.00 211.00
90.00 211.00
102.00 211.00
113.00 211.00
124.00 211.00
135.00 211.00
146.00 211.00
156.00 211.00
166.00 211.00
177.00 211.00
188.00 211.00
198.00 211.00
209.00 211.00
219.00 211.00
231.00 211.00
6.00 212.00
19.00 212.00
31.00 212.00
42.00 212.00
55.00 212.00
67.00 212.00
78.00 212.00
90.00 212.00
102.00 212.00
113.00 212.00
124.00 212.00
135.00 212.00
146.00 212.00
156.00 212.00
166.00 212.00
177.00 212.00
188.00 212.00
198.00 212.00
209.00 212.00
220.00 212.00
231.00 212.00
6.00 213.00
19.00 213.00
31.00 213.00
42.00 213.00
54.00 213.00
67.00 213.00
78.00 213.00
90.00 213.00
102.00 213.00
113.00 213.00
124.00 213.00
135.00 213.00
146.00 213.00
156.00 213.00
166.00 213.00
177.00 213.00
188.00 213.00
198.00 213.00
209.00 213.00
220.00 213.00
231.00 213.00
6.00 214.00
19.00 214.00
31.00 214.00
42.00 214.00
54.00 214.00
67.00 214.00
78.00 214.00
90.00 214.00
102.00 214.00
113.00 214.00
124.00 214.00
135.00 214.00
146.00 214.00
156.00 214.00
166.00 214.00
177.00 214.00
188.00 214.00
198.00 214.00
209.00 214.00
220.00 214.00
232.00 214.00
6.00 215.00
19.00 215.00
31.00 215.00
42.00 215.00
54.00 215.00
67.00 215.00
78.00 215.00
90.00 215.00
102.00 215.00
113.00 215.00
124.00 215.00
135.00 215.00
146.00 215.00
156.00 215.00
166.00 215.00
177.00 215.00
188.00 215.00
198.00 215.00
209.00 215.00
220.00 215.00
232.00 215.00
6.00 216.00
19.00 216.00
31.00 216.00
42.00 216.00
54.00 216.00
67.00 216.00
78.00 216.00
90.00 216.00
102.00 216.00
113.00 216.00
124.00 216.00
135.00 216.00
146.00 216.00
156.00 216.00
166.00 216.00
177.00 216.00
188.00 216.00
198.00 216.00
209.00 216.00
220.00 216.00
232.00 216.00
6.00 217.00
19.00 217.00
31.00 217.00
42.00 217.00
54.00 217.00
66.00 217.00
78.00 217.00
90.00 217.00
101.00 217.00
113.00 217.00
124.00 217.00
135.00 217.00
146.00 217.00
156.00 217.00
166.00 217.00
177.00 217.00
188.00 217.00
198.00 217.00
209.00 217.00
220.00 217.00
232.00 217.00
6.00 218.00
19.00 218.00
31.00 218.00
42.00 218.00
54.00 218.00
66.00 218.00
78.00 218.00
90.00 218.00
101.00 218.00
113.00 218.00
123.00 218.00
135.00 218.00
146.00 218.00
156.00 218.00
166.00 218.00
177.00 218.00
188.00 218.00
198.00 218.00
209.00 218.00
220.00 218.00
6.00 219.00
19.00 219.00
31.00 219.00
42.00 219.00
54.00 219.00
66.00 219.00
78.00 219.00
90.00 219.00
101.00 219.00
113.00 219.00
123.00 219.00
135.00 219.00
146.00 219.00
156.00 219.00
166.00 219.00
177.00 219.00
188.00 219.00
198.00 219.00
209.00 219.00
220.00 219.00
6.00 220.00
19.00 220.00
31.00 220.00
42.00 220.00
54.00 220.00
66.00 220.00
78.00 220.00
90.00 220.00
101.00 220.00
112.00 220.00
123.00 220.00
135.00 220.00
146.00 220.00
156.00 220.00
166.00 220.00
177.00 220.00
188.00 220.00
198.00 220.00
210.00 220.00
220.00 220.00
6.00 221.00
19.00 221.00
31.00 221.00
42.00 221.00
54.00 221.00
66.00 221.00
78.00 221.00
90.00 221.00
101.00 221.00
112.00 221.00
123.00 221.00
135.00 221.00
146.00 221.00
156.00 221.00
166.00 221.00
177.00 221.00
188.00 221.00
198.00 221.00
210.00 221.00
220.00 221.00
6.00 222.00
19.00 222.00
31.00 222.00
42.00 222.00
54.00 222.00
66.00 222.00
78.00 222.00
90.00 222.00
101.00 222.00
112.00 222.00
123.00 222.00
134.00 222.00
146.00 222.00
156.00 222.00
166.00 222.00
177.00 222.00
188.00 222.00
198.00 222.00
210.00 222.00
221.00 222.00
6.00 223.00
19.00 223.00
31.00 223.00
42.00 223.00
54.00 223.00
66.00 223.00
78.00 223.00
90.00 223.00
101.00 223.00
112.00 223.00
123.00 223.00
134.00 223.00
146.00 223.00
156.00 223.00
166.00 223.00
177.00 223.00
188.00 223.00
198.00 223.00
210.00 223.00
6.00 224.00
19.00 224.00
31.00 224.00
42.00 224.00
54.00 224.00
66.00 224.00
78.00 224.00
90.00 224.00
101.00 224.00
112.00 224.00
123.00 224.00
134.00 224.00
145.00 224.00
156.00 224.00
166.00 224.00
177.00 224.00
188.00 224.00
198.00 224.00
210.00 224.00
6.00 225.00
19.00 225.00
31.00 225.00
42.00 225.00
54.00 225.00
66.00 225.00
78.00 225.00
89.00 225.00
101.00 225.00
112.00 225.00
123.00 225.00
134.00 225.00
145.00 225.00
156.00 225.00
166.00 225.00
177.00 225.00
188.00 225.00
198.00 225.00
210.00 225.00
6.00 226.00
19.00 226.00
31.00 226.00
42.00 226.00
54.00 226.00
66.00 226.00
78.00 226.00
89.00 226.00
101.00 226.00
112.00 226.00
123.00 226.00
134.00 226.00
145.00 226.00
156.00 226.00
166.00 226.00
177.00 226.00
188.00 226.00
198.00 226.00
210.00 226.00
6.00 227.00
19.00 227.00
31.00 227.00
42.00 227.00
54.00 227.00
66.00 227.00
78.00 227.00
89.00 227.00
101.00 227.00
112.00 227.00
123.00 227.00
134.00 227.00
145.00 227.00
156.00 227.00
166.00 227.00
177.00 227.00
188.00 227.00
198.00 227.00
210.00 227.00
6.00 228.00
19.00 228.00
31.00 228.00
42.00 228.00
54.00 228.00
66.00 228.00
78.00 228.00
89.00 228.00
101.00 228.00
112.00 228.00
123.00 228.00
134.00 228.00
145.00 228.00
156.00 228.00
166.00 228.00
177.00 228.00
188.00 228.00
199.00 228.00
210.00 228.00
6.00 229.00
19.00 229.00
31.00 229.00
42.00 229.00
54.00 229.00
66.00 229.00
78.00 229.00
89.00 229.00
101.00 229.00
112.00 229.00
123.00 229.00
134.00 229.00
145.00 229.00
156.00 229.00
166.00 229.00
177.00 229.00
188.00 229.00
199.00 229.00
6.00 230.00
19.00 230.00
31.00 230.00
42.00 230.00
54.00 230.00
66.00 230.00
77.00 230.00
89.00 230.00
101.00 230.00
112.00 230.00
123.00 230.00
134.00 230.00
145.00 230.00
156.00 230.00
166.00 230.00
177.00 230.00
188.00 230.00
199.00 230.00
6.00 231.00
19.00 231.00
31.00 231.00
42.00 231.00
54.00 231.00
66.00 231.00
77.00 231.00
89.00 231.00
101.00 231.00
112.00 231.00
123.00 231.00
134.00 231.00
145.00 231.00
156.00 231.00
166.00 231.00
177.00 231.00
188.00 231.00
199.00 231.00
6.00 232.00
19.00 232.00
31.00 232.00
42.00 232.00
54.00 232.00
65.00 232.00
77.00 232.00
89.00 232.00
101.00 232.00
112.00 232.00
123.00 232.00
134.00 232.00
145.00 232.00
156.00 232.00
166.00 232.00
177.00 232.00
188.00 232.00
199.00 232.00
6.00 233.00
19.00 233.00
31.00 233.00
42.00 233.00
54.00 233.00
65.00 233.00
77.00 233.00
89.00 233.00
100.00 233.00
112.00 233.00
123.00 233.00
134.00 233.00
145.00 233.00
156.00 233.00
166.00 233.00
177.00 233.00
188.00 233.00
199.00 233.00
6.00 234.00
19.00 234.00
31.00 234.00
42.00 234.00
54.00 234.00
65.00 234.00
77.00 234.00
89.00 234.00
100.00 234.00
112.00 234.00
123.00 234.00
134.00 234.00
145.00 234.00
156.00 234.00
166.00 234.00
177.00 234.00
188.00 234.00
6.00 235.00
19.00 235.00
30.00 235.00
42.00 235.00
54.00 235.00
65.00 235.00
77.00 235.00
89.00 235.00
100.00 235.00
112.00 235.00
123.00 235.00
134.00 235.00
145.00 235.00
156.00 235.00
166.00 235.00
177.00 235.00
188.00 235.00
6.00 236.00
18.00 236.00
30.00 236.00
42.00 236.00
54.00 236.00
65.00 236.00
77.00 236.00
89.00 236.00
100.00 236.00
112.00 236.00
123.00 236.00
134.00 236.00
145.00 236.00
156.00 236.00
166.00 236.00
177.00 236.00
188.00 236.00
6.00 237.00
18.00 237.00
30.00 237.00
42.00 237.00
54.00 237.00
65.00 237.00
77.00 237.00
89.00 237.00
100.00 237.00
111.00 237.00
122.00 237.00
134.00 237.00
145.00 237.00
155.00 237.00
166.00 237.00
177.00 237.00
188.00 237.00
6.00 238.00
18.00 238.00
30.00 238.00
42.00 238.00
54.00 238.00
65.00 238.00
77.00 238.00
89.00 238.00
100.00 238.00
111.00 238.00
122.00 238.00
134.00 238.00
145.00 238.00
155.00 238.00
166.00 238.00
177.00 238.00
188.00 238.00
6.00 239.00
18.00 239.00
30.00 239.00
42.00 239.00
54.00 239.00
65.00 239.00
77.00 239.00
88.00 239.00
100.00 239.00
111.00 239.00
122.00 239.00
134.00 239.00
145.00 239.00
155.00 239.00
166.00 239.00
177.00 239.00
188.00 239.00
6.00 240.00
18.00 240.00
30.00 240.00
42.00 240.00
54.00 240.00
65.00 240.00
77.00 240.00
88.00 240.00
100.00 240.00
111.00 240.00
122.00 240.00
134.00 240.00
145.00 240.00
155.00 240.00
166.00 240.00
177.00 240.00
6.00 241.00
18.00 241.00
30.00 241.00
42.00 241.00
53.00 241.00
65.00 241.00
77.00 241.00
88.00 241.00
100.00 241.00
111.00 241.00
122.00 241.00
134.00 241.00
145.00 241.00
155.00 241.00
166.00 241.00
177.00 241.00
6.00 242.00
18.00 242.00
30.00 242.00
42.00 242.00
53.00 242.00
65.00 242.00
77.00 242.00
88.00 242.00
100.00 242.00
111.00 242.00
122.00 242.00
134.00 242.00
145.00 242.00
155.00 242.00
166.00 242.00
177.00 242.00
6.00 243.00
18.00 243.00
30.00 243.00
42.00 243.00
53.00 243.00
65.00 243.00
76.00 243.00
88.00 243.00
100.00 243.00
111.00 243.00
122.00 243.00
134.00 243.00
145.00 243.00
155.00 243.00
166.00 243.00
177.00 243.00
6.00 244.00
18.00 244.00
30.00 244.00
42.00 244.00
53.00 244.00
65.00 244.00
76.00 244.00
88.00 244.00
100.00 244.00
111.00 244.00
122.00 244.00
134.00 244.00
145.00 244.00
155.00 244.00
166.00 244.00
177.00 244.00
6.00 245.00
18.00 245.00
30.00 245.00
42.00 245.00
53.00 245.00
65.00 245.00
76.00 245.00
88.00 245.00
100.00 245.00
111.00 245.00
122.00 245.00
134.00 245.00
145.00 245.00
155.00 245.00
166.00 245.00
6.00 246.00
18.00 246.00
30.00 246.00
42.00 246.00
53.00 246.00
65.00 246.00
76.00 246.00
88.00 246.00
100.00 246.00
111.00 246.00
122.00 246.00
134.00 246.00
145.00 246.00
155.00 246.00
166.00 246.00
6.00 247.00
18.00 247.00
30.00 247.00
42.00 247.00
53.00 247.00
65.00 247.00
76.00 247.00
88.00 247.00
100.00 247.00
111.00 247.00
122.00 247.00
133.00 247.00
145.00 247.00
155.00 247.00
166.00 247.00
6.00 248.00
18.00 248.00
30.00 248.00
42.00 248.00
53.00 248.00
65.00 248.00
76.00 248.00
88.00 248.00
100.00 248.00
111.00 248.00
122.00 248.00
133.00 248.00
145.00 248.00
155.00 248.00
166.00 248.00
6.00 249.00
18.00 249.00
30.00 249.00
42.00 249.00
53.00 249.00
65.00 249.00
76.00 249.00
88.00 249.00
100.00 249.00
111.00 249.00
122.00 249.00
133.00 249.00
145.00 249.00
155.00 249.00
166.00 249.00
6.00 250.00
18.00 250.00
30.00 250.00
42.00 250.00
53.00 250.00
65.00 250.00
76.00 250.00
88.00 250.00
100.00 250.00
111.00 250.00
122.00 250.00
133.00 250.00
145.00 250.00
155.00 250.00
166.00 250.00
6.00 251.00
18.00 251.00
30.00 251.00
42.00 251.00
53.00 251.00
65.00 251.00
76.00 251.00
88.00 251.00
99.00 251.00
111.00 251.00
122.00 251.00
133.00 251.00
145.00 251.00
155.00 251.00
6.00 252.00
18.00 252.00
30.00 252.00
42.00 252.00
53.00 252.00
65.00 252.00
76.00 252.00
88.00 252.00
99.00 252.00
111.00 252.00
122.00 252.00
133.00 252.00
145.00 252.00
155.00 252.00
5.00 253.00
18.00 253.00
30.00 253.00
42.00 253.00
53.00 253.00
65.00 253.00
76.00 253.00
88.00 253.00
99.00 253.00
111.00 253.00
122.00 253.00
133.00 253.00
145.00 253.00
155.00 253.00
5.00 254.00
18.00 254.00
30.00 254.00
42.00 254.00
53.00 254.00
65.00 254.00
76.00 254.00
88.00 254.00
99.00 254.00
111.00 254.00
122.00 254.00
133.00 254.00
145.00 254.00
155.00 254.00
5.00 255.00
18.00 255.00
30.00 255.00
42.00 255.00
53.00 255.00
65.00 255.00
76.00 255.00
87.00 255.00
99.00 255.00
111.00 255.00
122.00 255.00
133.00 255.00
145.00 255.00
155.00 255.00
5.00 256.00
18.00 256.00
29.00 256.00
42.00 256.00
53.00 256.00
65.00 256.00
76.00 256.00
87.00 256.00
99.00 256.00
110.00 256.00
121.00 256.00
133.00 256.00
145.00 256.00
155.00 256.00
5.00 257.00
17.00 257.00
29.00 257.00
42.00 257.00
53.00 257.00
65.00 257.00
76.00 257.00
87.00 257.00
99.00 257.00
110.00 257.00
121.00 257.00
133.00 257.00
145.00 257.00
5.00 258.00
17.00 258.00
29.00 258.00
41.00 258.00
53.00 258.00
65.00 258.00
76.00 258.00
87.00 258.00
99.00 258.00
110.00 258.00
121.00 258.00
133.00 258.00
145.00 258.00
5.00 259.00
17.00 259.00
29.00 259.00
41.00 259.00
53.00 259.00
65.00 259.00
76.00 259.00
88.00 259.00
99.00 259.00
110.00 259.00
121.00 259.00
133.00 259.00
145.00 259.00
5.00 260.00
17.00 260.00
29.00 260.00
41.00 260.00
54.00 260.00
65.00 260.00
76.00 260.00
87.00 260.00
99.00 260.00
110.00 260.00
121.00 260.00
133.00 260.00
145.00 260.00
5.00 261.00
17.00 261.00
29.00 261.00
41.00 261.00
54.00 261.00
65.00 261.00
77.00 261.00
99.00 261.00
110.00 261.00
121.00 261.00
133.00 261.00
145.00 261.00
5.00 262.00
18.00 262.00
29.00 262.00
40.00 262.00
54.00 262.00
65.00 262.00
77.00 262.00
99.00 262.00
110.00 262.00
121.00 262.00
133.00 262.00
5.00 263.00
18.00 263.00
30.00 263.00
31.00 263.00
40.00 263.00
55.00 263.00
65.00 263.00
78.00 263.00
98.00 263.00
110.00 263.00
121.00 263.00
133.00 263.00
5.00 264.00
18.00 264.00
29.00 264.00
32.00 264.00
39.00 264.00
56.00 264.00
57.00 264.00
58.00 264.00
59.00 264.00
60.00 264.00
61.00 264.00
62.00 264.00
63.00 264.00
64.00 264.00
78.00 264.00
94.00 264.00
98.00 264.00
110.00 264.00
121.00 264.00
133.00 264.00
5.00 265.00
18.00 265.00
28.00 265.00
33.00 265.00
39.00 265.00
55.00 265.00
65.00 265.00
78.00 265.00
92.00 265.00
93.00 265.00
95.00 265.00
96.00 265.00
97.00 265.00
110.00 265.00
121.00 265.00
133.00 265.00
5.00 266.00
19.00 266.00
27.00 266.00
34.00 266.00
35.00 266.00
38.00 266.00
54.00 266.00
66.00 266.00
78.00 266.00
91.00 266.00
98.00 266.00
110.00 266.00
121.00 266.00
133.00 266.00
5.00 267.00
19.00 267.00
26.00 267.00
36.00 267.00
37.00 267.00
54.00 267.00
66.00 267.00
78.00 267.00
89.00 267.00
90.00 267.00
98.00 267.00
110.00 267.00
121.00 267.00
133.00 267.00
5.00 268.00
20.00 268.00
21.00 268.00
22.00 268.00
23.00 268.00
24.00 268.00
25.00 268.00
36.00 268.00
38.00 268.00
53.00 268.00
65.00 268.00
79.00 268.00
88.00 268.00
99.00 268.00
110.00 268.00
121.00 268.00
5.00 269.00
19.00 269.00
25.00 269.00
35.00 269.00
39.00 269.00
53.00 269.00
65.00 269.00
79.00 269.00
86.00 269.00
87.00 269.00
99.00 269.00
110.00 269.00
121.00 269.00
5.00 270.00
18.00 270.00
26.00 270.00
34.00 270.00
39.00 270.00
54.00 270.00
55.00 270.00
56.00 270.00
57.00 270.00
58.00 270.00
65.00 270.00
80.00 270.00
81.00 270.00
82.00 270.00
83.00 270.00
84.00 270.00
85.00 270.00
87.00 270.00
98.00 270.00
110.00 270.00
121.00 270.00
5.00 271.00
18.00 271.00
27.00 271.00
33.00 271.00
40.00 271.00
53.00 271.00
59.00 271.00
60.00 271.00
61.00 271.00
62.00 271.00
63.00 271.00
64.00 271.00
65.00 271.00
66.00 271.00
80.00 271.00
88.00 271.00
98.00 271.00
110.00 271.00
121.00 271.00
5.00 272.00
17.00 272.00
28.00 272.00
32.00 272.00
41.00 272.00
52.00 272.00
64.00 272.00
67.00 272.00
80.00 272.00
88.00 272.00
98.00 272.00
110.00 272.00
121.00 272.00
4.00 273.00
17.00 273.00
28.00 273.00
31.00 273.00
41.00 273.00
52.00 273.00
64.00 273.00
68.00 273.00
80.00 273.00
89.00 273.00
98.00 273.00
110.00 273.00
121.00 273.00
4.00 274.00
16.00 274.00
29.00 274.00
30.00 274.00
41.00 274.00
51.00 274.00
63.00 274.00
69.00 274.00
80.00 274.00
89.00 274.00
98.00 274.00
109.00 274.00
4.00 275.00
16.00 275.00
29.00 275.00
41.00 275.00
51.00 275.00
63.00 275.00
69.00 275.00
80.00 275.00
89.00 275.00
97.00 275.00
109.00 275.00
4.00 276.00
16.00 276.00
29.00 276.00
30.00 276.00
31.00 276.00
32.00 276.00
33.00 276.00
40.00 276.00
51.00 276.00
62.00 276.00
69.00 276.00
80.00 276.00
90.00 276.00
97.00 276.00
109.00 276.00
4.00 277.00
16.00 277.00
28.00 277.00
34.00 277.00
40.00 277.00
52.00 277.00
62.00 277.00
68.00 277.00
80.00 277.00
91.00 277.00
96.00 277.00
109.00 277.00
4.00 278.00
16.00 278.00
27.00 278.00
35.00 278.00
39.00 278.00
53.00 278.00
54.00 278.00
55.00 278.00
56.00 278.00
57.00 278.00
58.00 278.00
62.00 278.00
67.00 278.00
79.00 278.00
92.00 278.00
96.00 278.00
109.00 278.00
4.00 279.00
16.00 279.00
27.00 279.00
36.00 279.00
37.00 279.00
38.00 279.00
53.00 279.00
59.00 279.00
60.00 279.00
61.00 279.00
66.00 279.00
78.00 279.00
93.00 279.00
95.00 279.00
109.00 279.00
4.00 280.00
16.00 280.00
26.00 280.00
38.00 280.00
52.00 280.00
62.00 280.00
65.00 280.00
66.00 280.00
78.00 280.00
94.00 280.00
95.00 280.00
4.00 281.00
15.00 281.00
26.00 281.00
38.00 281.00
52.00 281.00
63.00 281.00
64.00 281.00
67.00 281.00
78.00 281.00
93.00 281.00
96.00 281.00
4.00 282.00
15.00 282.00
26.00 282.00
38.00 282.00
52.00 282.00
63.00 282.00
68.00 282.00
77.00 282.00
91.00 282.00
92.00 282.00
97.00 282.00
4.00 283.00
16.00 283.00
26.00 283.00
38.00 283.00
52.00 283.00
62.00 283.00
69.00 283.00
77.00 283.00
83.00 283.00
90.00 283.00
98.00 283.00
4.00 284.00
16.00 284.00
26.00 284.00
36.00 284.00
37.00 284.00
38.00 284.00
52.00 284.00
60.00 284.00
61.00 284.00
70.00 284.00
71.00 284.00
77.00 284.00
78.00 284.00
79.00 284.00
80.00 284.00
81.00 284.00
82.00 284.00
84.00 284.00
85.00 284.00
88.00 284.00
89.00 284.00
98.00 284.00
4.00 285.00
17.00 285.00
20.00 285.00
21.00 285.00
22.00 285.00
23.00 285.00
24.00 285.00
25.00 285.00
26.00 285.00
27.00 285.00
31.00 285.00
32.00 285.00
33.00 285.00
34.00 285.00
35.00 285.00
39.00 285.00
53.00 285.00
54.00 285.00
55.00 285.00
56.00 285.00
57.00 285.00
58.00 285.00
59.00 285.00
62.00 285.00
72.00 285.00
73.00 285.00
76.00 285.00
86.00 285.00
87.00 285.00
4.00 286.00
18.00 286.00
19.00 286.00
28.00 286.00
29.00 286.00
30.00 286.00
39.00 286.00
53.00 286.00
62.00 286.00
74.00 286.00
75.00 286.00
87.00 286.00
4.00 287.00
17.00 287.00
28.00 287.00
40.00 287.00
52.00 287.00
63.00 287.00
75.00 287.00
87.00 287.00
4.00 288.00
16.00 288.00
28.00 288.00
40.00 288.00
52.00 288.00
64.00 288.00
76.00 288.00
87.00 288.00
0.00 289.00
4.00 289.00
16.00 289.00
27.00 289.00
40.00 289.00
52.00 289.00
64.00 289.00
75.00 289.00
87.00 289.00
0.00 290.00
3.00 290.00
15.00 290.00
27.00 290.00
40.00 290.00
52.00 290.00
64.00 290.00
75.00 290.00
87.00 290.00
0.00 291.00
2.00 291.00
15.00 291.00
27.00 291.00
40.00 291.00
52.00 291.00
64.00 291.00
75.00 291.00
0.00 292.00
1.00 292.00
15.00 292.00
27.00 292.00
40.00 292.00
52.00 292.00
64.00 292.00
75.00 292.00
0.00 293.00
15.00 293.00
27.00 293.00
40.00 293.00
52.00 293.00
64.00 293.00
75.00 293.00
0.00 294.00
15.00 294.00
27.00 294.00
40.00 294.00
52.00 294.00
64.00 294.00
76.00 294.00
0.00 295.00
15.00 295.00
27.00 295.00
40.00 295.00
52.00 295.00
64.00 295.00
76.00 295.00
0.00 296.00
15.00 296.00
27.00 296.00
40.00 296.00
52.00 296.00
64.00 296.00
76.00 296.00
0.00 297.00
15.00 297.00
27.00 297.00
40.00 297.00
52.00 297.00
64.00 297.00
0.00 298.00
15.00 298.00
27.00 298.00
40.00 298.00
52.00 298.00
64.00 298.00
0.00 299.00
15.00 299.00
27.00 299.00
40.00 299.00
51.00 299.00
64.00 299.00
0.00 300.00
15.00 300.00
27.00 300.00
40.00 300.00
51.00 300.00
64.00 300.00
0.00 301.00
15.00 301.00
27.00 301.00
39.00 301.00
51.00 301.00
64.00 301.00
0.00 302.00
15.00 302.00
27.00 302.00
39.00 302.00
51.00 302.00
64.00 302.00
0.00 303.00
15.00 303.00
27.00 303.00
39.00 303.00
51.00 303.00
0.00 304.00
15.00 304.00
27.00 304.00
39.00 304.00
51.00 304.00
0.00 305.00
15.00 305.00
27.00 305.00
39.00 305.00
51.00 305.00
0.00 306.00
15.00 306.00
27.00 306.00
39.00 306.00
51.00 306.00
0.00 307.00
15.00 307.00
27.00 307.00
39.00 307.00
51.00 307.00
0.00 308.00
15.00 308.00
27.00 308.00
39.00 308.00
51.00 308.00
0.00 309.00
14.00 309.00
27.00 309.00
39.00 309.00
0.00 310.00
14.00 310.00
27.00 310.00
39.00 310.00
0.00 311.00
14.00 311.00
27.00 311.00
39.00 311.00
0.00 312.00
14.00 312.00
27.00 312.00
39.00 312.00
0.00 313.00
14.00 313.00
27.00 313.00
39.00 313.00
0.00 314.00
14.00 314.00
26.00 314.00
39.00 314.00
0.00 315.00
14.00 315.00
26.00 315.00
0.00 316.00
14.00 316.00
26.00 316.00
0.00 317.00
14.00 317.00
26.00 317.00
0.00 318.00
14.00 318.00
26.00 318.00
0.00 319.00
14.00 319.00
26.00 319.00
0.00 320.00
1.00 320.00
2.00 320.00
3.00 320.00
4.00 320.00
5.00 320.00
9.00 320.00
10.00 320.00
11.00 320.00
12.00 320.00
13.00 320.00
14.00 320.00
15.00 320.00
16.00 320.00
17.00 320.00
22.00 320.00
23.00 320.00
24.00 320.00
25.00 320.00
26.00 320.00
27.00 320.00
28.00 320.00
