9.010 7.626
9.571 6.642
21.449 15.831
21.993 15.866
9.395 6.627
9.014 6.538
9.003 6.513
9.207 6.444
9.597 6.460
9.891 7.523
9.240 9.756
9.968 9.626
21.526 15.551
8.010 11.840
10.712 11.636
21.220 15.555
8.966 10.464
21.107 15.535
9.868 7.768
21.105 16.535
21.022 16.512
20.995 16.487
21.708 15.453
21.629 15.429
21.078 16.411
33.262 24.441
32.867 24.505
44.822 22.388
21.830 16.206
44.897 22.360
21.936 16.180
44.973 23.359
44.855 23.335
44.724 24.339
44.532 22.268
70.542 36.549
44.567 25.535
44.491 29.632
57.831 34.441
44.911 31.269
57.755 34.419
45.161 30.806
70.829 37.471
70.762 37.447
44.676 26.314
70.981 39.436
71.006 45.564
58.792 36.311
70.920 37.334
58.795 36.284
70.811 37.310
58.675 36.262
70.260 36.256
58.967 35.108
70.852 37.173
70.951 37.137
118.959 72.489
118.899 74.438
118.924 75.437
118.926 76.437
118.885 76.412
108.506 67.136
130.019 82.512
118.953 72.222
152.978 99.462
153.021 103.538
153.006 103.513
153.008 105.538
152.998 105.513
153.004 105.487
153.015 105.462
153.016 105.436
160.969 109.436
152.049 101.244
160.907 109.411
160.839 110.414
160.745 110.392
160.661 110.369
160.562 110.348
160.534 110.322
160.567 110.293
169.977 121.370
170.076 122.383
170.091 124.423
199.127 144.476
199.951 145.516
200.122 148.572
199.976 149.595
199.068 144.508
200.560 149.581
200.474 149.558
200.220 148.523
200.070 148.508
201.053 149.510
200.958 149.489
200.975 150.488
200.972 150.462
199.967 149.410
200.064 149.385
253.880 210.412
324.679 307.425
324.702 308.423
324.890 311.465
324.851 311.440
324.832 311.414
324.755 311.391
324.843 311.361
324.830 311.336
324.816 311.310
324.085 306.196
324.213 310.259
324.874 311.283
325.936 316.411
